Camera Name: Beamage-3.0
Serial Number: 271193
Firmware: 1.70
Description: USB3.0 Beam Profiling Camera
ADC level: 12 bits 
Sampling Rate: 1 / 1 pulse(s)
Total Duration: 0:0:1:00 (DD:HH:MM:SS)
_______________________________________________________________
Date	 Elapsed time(sec)	 dSigma X(um)	 dSigma Y (um)	 Effective Diameter(um)	 Ellipticity(%)	 Orientation(degrees)	 Centroid X(um)	 Centroid y(um)	 Peak X(um)	 Peak Y(um)	 Peak Saturation level(%)	 Peak to Average Ratio X	 Peak to Average Ratio Y	 X Baseline Position	 Y Baseline Position	 Delta Centroid X	 Delta Centroid Y	 Delta Peak X	 Delta Peak Y	  
 16:36:09, Wednesday, March 19, 2025	0.235	1045.0	1089.0	-	96.0	0.0	31.1	842.1	49.5	863.5	97.0	1.8	1.8	0.0	0.0	31.1	842.1	49.5	863.5
16:36:09, Wednesday, March 19, 2025	0.594	1039.5	1083.5	-	95.9	0.0	30.9	842.9	49.5	863.5	96.5	1.8	1.8	0.0	0.0	30.9	842.9	49.5	863.5
16:36:10, Wednesday, March 19, 2025	0.953	1039.5	1083.5	-	95.9	0.0	31.1	842.1	55.0	858.0	96.4	1.7	1.8	0.0	0.0	31.1	842.1	55.0	858.0
16:36:10, Wednesday, March 19, 2025	1.344	1039.5	1078.0	-	96.4	0.0	31.3	843.1	38.5	847.0	96.3	1.7	1.8	0.0	0.0	31.3	843.1	38.5	847.0
16:36:10, Wednesday, March 19, 2025	1.703	1039.5	1089.0	-	95.5	0.0	31.1	843.0	33.0	852.5	95.5	1.7	1.8	0.0	0.0	31.1	843.0	33.0	852.5
16:36:11, Wednesday, March 19, 2025	2.125	1050.5	1089.0	-	96.5	0.0	31.1	843.1	38.5	847.0	96.3	1.8	1.8	0.0	0.0	31.1	843.1	38.5	847.0
16:36:11, Wednesday, March 19, 2025	2.500	1039.5	1094.5	-	95.0	0.0	31.0	842.9	33.0	852.5	96.5	1.7	1.8	0.0	0.0	31.0	842.9	33.0	852.5
16:36:12, Wednesday, March 19, 2025	2.875	1039.5	1094.5	-	95.0	0.0	30.7	843.8	44.0	847.0	96.3	1.7	1.8	0.0	0.0	30.7	843.8	44.0	847.0
16:36:12, Wednesday, March 19, 2025	3.235	1039.5	1083.5	-	95.9	0.0	31.1	842.9	44.0	863.5	96.1	1.8	1.8	0.0	0.0	31.1	842.9	44.0	863.5
16:36:12, Wednesday, March 19, 2025	3.625	1039.5	1094.5	-	95.0	0.0	31.1	842.2	44.0	863.5	95.8	1.8	1.8	0.0	0.0	31.1	842.2	44.0	863.5
16:36:13, Wednesday, March 19, 2025	4.016	1039.5	1089.0	-	95.5	0.0	31.0	842.1	55.0	863.5	96.9	1.8	1.8	0.0	0.0	31.0	842.1	55.0	863.5
16:36:13, Wednesday, March 19, 2025	4.391	1039.5	1089.0	-	95.5	0.0	31.1	841.8	33.0	847.0	96.2	1.7	1.8	0.0	0.0	31.1	841.8	33.0	847.0
16:36:14, Wednesday, March 19, 2025	4.782	1039.5	1105.5	-	94.0	0.0	31.3	842.5	38.5	858.0	96.4	1.7	1.8	0.0	0.0	31.3	842.5	38.5	858.0
16:36:14, Wednesday, March 19, 2025	5.141	1039.5	1100.0	-	94.5	0.0	31.1	842.3	49.5	852.5	95.9	1.8	1.8	0.0	0.0	31.1	842.3	49.5	852.5
16:36:14, Wednesday, March 19, 2025	5.516	1034.0	1094.5	-	94.5	0.0	30.7	842.8	38.5	847.0	96.5	1.7	1.8	0.0	0.0	30.7	842.8	38.5	847.0
16:36:15, Wednesday, March 19, 2025	5.907	1039.5	1089.0	-	95.5	0.0	31.3	842.6	33.0	852.5	96.2	1.7	1.8	0.0	0.0	31.3	842.6	33.0	852.5
16:36:15, Wednesday, March 19, 2025	6.282	1050.5	1094.5	-	96.0	0.0	31.3	840.9	33.0	847.0	96.9	1.7	1.8	0.0	0.0	31.3	840.9	33.0	847.0
16:36:15, Wednesday, March 19, 2025	6.641	1039.5	1089.0	-	95.5	0.0	31.0	842.0	49.5	852.5	96.8	1.8	1.8	0.0	0.0	31.0	842.0	49.5	852.5
16:36:16, Wednesday, March 19, 2025	7.016	1039.5	1083.5	-	95.9	0.0	30.7	842.6	55.0	858.0	96.4	1.7	1.8	0.0	0.0	30.7	842.6	55.0	858.0
16:36:16, Wednesday, March 19, 2025	7.391	1034.0	1067.0	-	96.9	0.0	31.4	842.1	60.5	863.5	95.6	1.7	1.8	0.0	0.0	31.4	842.1	60.5	863.5
16:36:16, Wednesday, March 19, 2025	7.766	1039.5	1089.0	-	95.5	0.0	30.6	843.0	55.0	858.0	95.7	1.7	1.8	0.0	0.0	30.6	843.0	55.0	858.0
16:36:17, Wednesday, March 19, 2025	8.141	1039.5	1089.0	-	95.5	0.0	30.9	841.0	38.5	858.0	96.0	1.7	1.8	0.0	0.0	30.9	841.0	38.5	858.0
16:36:17, Wednesday, March 19, 2025	8.500	1039.5	1083.5	-	95.9	0.0	31.0	842.9	55.0	863.5	95.8	1.7	1.8	0.0	0.0	31.0	842.9	55.0	863.5
16:36:18, Wednesday, March 19, 2025	8.891	1039.5	1083.5	-	95.9	0.0	30.7	842.6	55.0	852.5	95.8	1.8	1.8	0.0	0.0	30.7	842.6	55.0	852.5
16:36:18, Wednesday, March 19, 2025	9.266	1039.5	1078.0	-	96.4	0.0	30.6	842.0	44.0	847.0	96.8	1.8	1.8	0.0	0.0	30.6	842.0	44.0	847.0
16:36:18, Wednesday, March 19, 2025	9.625	1045.0	1100.0	-	95.0	0.0	30.7	841.1	44.0	847.0	96.2	1.7	1.8	0.0	0.0	30.7	841.1	44.0	847.0
16:36:19, Wednesday, March 19, 2025	10.000	1039.5	1078.0	-	96.4	0.0	31.1	842.4	49.5	852.5	96.2	1.7	1.8	0.0	0.0	31.1	842.4	49.5	852.5
16:36:19, Wednesday, March 19, 2025	10.375	1050.5	1089.0	-	96.5	0.0	30.9	842.3	33.0	847.0	96.8	1.8	1.8	0.0	0.0	30.9	842.3	33.0	847.0
16:36:19, Wednesday, March 19, 2025	10.750	1039.5	1100.0	-	94.5	0.0	30.9	841.4	27.5	847.0	95.8	1.7	1.8	0.0	0.0	30.9	841.4	27.5	847.0
16:36:20, Wednesday, March 19, 2025	11.110	1039.5	1083.5	-	95.9	0.0	31.1	842.7	49.5	852.5	96.4	1.8	1.8	0.0	0.0	31.1	842.7	49.5	852.5
16:36:20, Wednesday, March 19, 2025	11.500	1045.0	1083.5	-	96.4	0.0	31.1	842.5	49.5	852.5	97.0	1.8	1.8	0.0	0.0	31.1	842.5	49.5	852.5
16:36:21, Wednesday, March 19, 2025	11.860	1045.0	1089.0	-	96.0	0.0	31.4	842.4	33.0	852.5	96.3	1.8	1.8	0.0	0.0	31.4	842.4	33.0	852.5
16:36:21, Wednesday, March 19, 2025	12.250	1039.5	1083.5	-	95.9	0.0	31.0	843.0	33.0	852.5	95.6	1.8	1.8	0.0	0.0	31.0	843.0	33.0	852.5
16:36:21, Wednesday, March 19, 2025	12.610	1039.5	1089.0	-	95.5	0.0	31.2	841.4	55.0	858.0	95.9	1.7	1.8	0.0	0.0	31.2	841.4	55.0	858.0
16:36:22, Wednesday, March 19, 2025	12.969	1039.5	1094.5	-	95.0	0.0	31.3	841.9	33.0	852.5	96.7	1.8	1.8	0.0	0.0	31.3	841.9	33.0	852.5
16:36:22, Wednesday, March 19, 2025	13.328	1039.5	1094.5	-	95.0	0.0	31.7	841.7	49.5	852.5	96.8	1.7	1.8	0.0	0.0	31.7	841.7	49.5	852.5
16:36:22, Wednesday, March 19, 2025	13.719	1045.0	1089.0	-	96.0	0.0	31.7	842.6	49.5	852.5	96.8	1.8	1.8	0.0	0.0	31.7	842.6	49.5	852.5
16:36:23, Wednesday, March 19, 2025	14.094	1039.5	1094.5	-	95.0	0.0	31.4	841.1	49.5	863.5	95.9	1.7	1.8	0.0	0.0	31.4	841.1	49.5	863.5
16:36:23, Wednesday, March 19, 2025	14.469	1034.0	1089.0	-	94.9	0.0	31.3	841.1	33.0	847.0	95.8	1.7	1.8	0.0	0.0	31.3	841.1	33.0	847.0
16:36:24, Wednesday, March 19, 2025	14.828	1039.5	1083.5	-	95.9	0.0	31.0	842.3	27.5	847.0	96.9	1.8	1.8	0.0	0.0	31.0	842.3	27.5	847.0
16:36:24, Wednesday, March 19, 2025	15.203	1039.5	1078.0	-	96.4	0.0	30.9	842.9	49.5	863.5	96.6	1.7	1.8	0.0	0.0	30.9	842.9	49.5	863.5
16:36:24, Wednesday, March 19, 2025	15.563	1039.5	1089.0	-	95.5	0.0	31.2	843.3	44.0	847.0	95.9	1.8	1.8	0.0	0.0	31.2	843.3	44.0	847.0
16:36:25, Wednesday, March 19, 2025	15.938	1039.5	1083.5	-	95.9	0.0	31.3	842.8	44.0	847.0	96.4	1.7	1.8	0.0	0.0	31.3	842.8	44.0	847.0
16:36:25, Wednesday, March 19, 2025	16.313	1039.5	1083.5	-	95.9	0.0	31.1	842.9	49.5	852.5	96.6	1.7	1.8	0.0	0.0	31.1	842.9	49.5	852.5
16:36:25, Wednesday, March 19, 2025	16.688	1039.5	1083.5	-	95.9	0.0	30.8	843.2	38.5	847.0	96.3	1.8	1.8	0.0	0.0	30.8	843.2	38.5	847.0
16:36:26, Wednesday, March 19, 2025	17.094	1039.5	1083.5	-	95.9	0.0	31.0	842.7	49.5	852.5	95.9	1.7	1.8	0.0	0.0	31.0	842.7	49.5	852.5
16:36:26, Wednesday, March 19, 2025	17.547	1039.5	1083.5	-	95.9	0.0	31.1	842.1	44.0	863.5	96.0	1.8	1.8	0.0	0.0	31.1	842.1	44.0	863.5
16:36:27, Wednesday, March 19, 2025	17.922	1039.5	1089.0	-	95.5	0.0	31.5	844.3	55.0	858.0	95.8	1.7	1.8	0.0	0.0	31.5	844.3	55.0	858.0
16:36:27, Wednesday, March 19, 2025	18.344	1039.5	1089.0	-	95.5	0.0	31.4	843.3	27.5	847.0	95.7	1.7	1.8	0.0	0.0	31.4	843.3	27.5	847.0
16:36:27, Wednesday, March 19, 2025	18.750	1039.5	1083.5	-	95.9	0.0	31.3	843.6	33.0	847.0	95.8	1.8	1.8	0.0	0.0	31.3	843.6	33.0	847.0
16:36:28, Wednesday, March 19, 2025	19.141	1039.5	1089.0	-	95.5	0.0	31.3	842.5	55.0	858.0	96.0	1.8	1.8	0.0	0.0	31.3	842.5	55.0	858.0
16:36:28, Wednesday, March 19, 2025	19.532	1039.5	1094.5	-	95.0	0.0	30.9	842.1	55.0	858.0	96.5	1.8	1.8	0.0	0.0	30.9	842.1	55.0	858.0
16:36:29, Wednesday, March 19, 2025	19.907	1039.5	1089.0	-	95.5	0.0	30.9	841.8	49.5	852.5	95.9	1.8	1.8	0.0	0.0	30.9	841.8	49.5	852.5
16:36:29, Wednesday, March 19, 2025	20.266	1039.5	1094.5	-	95.0	0.0	31.1	842.2	49.5	852.5	96.4	1.7	1.8	0.0	0.0	31.1	842.2	49.5	852.5
16:36:29, Wednesday, March 19, 2025	20.641	1039.5	1089.0	-	95.5	0.0	31.0	842.5	44.0	863.5	96.3	1.7	1.8	0.0	0.0	31.0	842.5	44.0	863.5
16:36:30, Wednesday, March 19, 2025	21.047	1039.5	1094.5	-	95.0	0.0	30.9	842.3	49.5	852.5	95.8	1.7	1.8	0.0	0.0	30.9	842.3	49.5	852.5
16:36:30, Wednesday, March 19, 2025	21.422	1045.0	1105.5	-	94.5	0.0	30.8	842.2	49.5	858.0	96.9	1.8	1.8	0.0	0.0	30.8	842.2	49.5	858.0
16:36:31, Wednesday, March 19, 2025	21.797	1039.5	1078.0	-	96.4	0.0	30.7	842.5	44.0	847.0	95.8	1.8	1.8	0.0	0.0	30.7	842.5	44.0	847.0
16:36:31, Wednesday, March 19, 2025	22.219	1039.5	1094.5	-	95.0	0.0	31.0	842.7	55.0	852.5	96.3	1.8	1.8	0.0	0.0	31.0	842.7	55.0	852.5
16:36:31, Wednesday, March 19, 2025	22.594	1045.0	1100.0	-	95.0	0.0	30.8	842.4	49.5	852.5	96.5	1.8	1.8	0.0	0.0	30.8	842.4	49.5	852.5
16:36:32, Wednesday, March 19, 2025	23.016	1039.5	1083.5	-	95.9	0.0	31.2	842.5	44.0	863.5	96.2	1.7	1.8	0.0	0.0	31.2	842.5	44.0	863.5
16:36:32, Wednesday, March 19, 2025	23.391	1039.5	1089.0	-	95.5	0.0	31.2	843.0	49.5	852.5	96.3	1.7	1.8	0.0	0.0	31.2	843.0	49.5	852.5
16:36:32, Wednesday, March 19, 2025	23.750	1039.5	1089.0	-	95.5	0.0	31.1	843.5	44.0	847.0	95.9	1.8	1.8	0.0	0.0	31.1	843.5	44.0	847.0
16:36:33, Wednesday, March 19, 2025	24.125	1039.5	1078.0	-	96.4	0.0	31.3	843.0	49.5	852.5	96.6	1.8	1.8	0.0	0.0	31.3	843.0	49.5	852.5
16:36:33, Wednesday, March 19, 2025	24.500	1039.5	1067.0	-	97.4	0.0	31.3	843.8	33.0	852.5	96.5	1.8	1.8	0.0	0.0	31.3	843.8	33.0	852.5
16:36:34, Wednesday, March 19, 2025	24.860	1039.5	1078.0	-	96.4	0.0	31.8	843.1	49.5	863.5	96.0	1.7	1.8	0.0	0.0	31.8	843.1	49.5	863.5
16:36:34, Wednesday, March 19, 2025	25.250	1039.5	1094.5	-	95.0	0.0	31.5	843.9	33.0	852.5	95.8	1.8	1.8	0.0	0.0	31.5	843.9	33.0	852.5
16:36:34, Wednesday, March 19, 2025	25.625	1039.5	1078.0	-	96.4	0.0	31.3	843.5	55.0	863.5	95.9	1.7	1.8	0.0	0.0	31.3	843.5	55.0	863.5
16:36:35, Wednesday, March 19, 2025	26.032	1039.5	1083.5	-	95.9	0.0	31.1	843.4	49.5	863.5	95.8	1.8	1.8	0.0	0.0	31.1	843.4	49.5	863.5
16:36:35, Wednesday, March 19, 2025	26.407	1039.5	1089.0	-	95.5	0.0	30.8	842.5	38.5	858.0	96.1	1.7	1.8	0.0	0.0	30.8	842.5	38.5	858.0
16:36:36, Wednesday, March 19, 2025	26.766	1039.5	1083.5	-	95.9	0.0	30.7	843.5	38.5	847.0	96.1	1.8	1.8	0.0	0.0	30.7	843.5	38.5	847.0
16:36:36, Wednesday, March 19, 2025	27.141	1045.0	1094.5	-	95.5	0.0	30.6	842.6	49.5	852.5	96.4	1.8	1.8	0.0	0.0	30.6	842.6	49.5	852.5
16:36:36, Wednesday, March 19, 2025	27.532	1039.5	1083.5	-	95.9	0.0	31.2	841.8	49.5	863.5	96.2	1.8	1.8	0.0	0.0	31.2	841.8	49.5	863.5
16:36:37, Wednesday, March 19, 2025	27.907	1045.0	1089.0	-	96.0	0.0	30.6	842.5	49.5	863.5	96.1	1.8	1.8	0.0	0.0	30.6	842.5	49.5	863.5
16:36:37, Wednesday, March 19, 2025	28.282	1039.5	1083.5	-	95.9	0.0	30.8	841.8	44.0	847.0	96.4	1.8	1.8	0.0	0.0	30.8	841.8	44.0	847.0
16:36:37, Wednesday, March 19, 2025	28.688	1039.5	1094.5	-	95.0	0.0	30.5	843.2	33.0	852.5	97.1	1.8	1.8	0.0	0.0	30.5	843.2	33.0	852.5
16:36:38, Wednesday, March 19, 2025	29.078	1039.5	1089.0	-	95.5	0.0	30.4	843.3	49.5	852.5	95.7	1.8	1.8	0.0	0.0	30.4	843.3	49.5	852.5
16:36:38, Wednesday, March 19, 2025	29.453	1039.5	1089.0	-	95.5	0.0	30.7	842.6	44.0	847.0	95.9	1.7	1.8	0.0	0.0	30.7	842.6	44.0	847.0
16:36:39, Wednesday, March 19, 2025	29.844	1045.0	1094.5	-	95.5	0.0	30.6	843.0	55.0	858.0	96.1	1.7	1.8	0.0	0.0	30.6	843.0	55.0	858.0
16:36:39, Wednesday, March 19, 2025	30.203	1039.5	1078.0	-	96.4	0.0	30.4	842.5	33.0	847.0	96.0	1.8	1.8	0.0	0.0	30.4	842.5	33.0	847.0
16:36:39, Wednesday, March 19, 2025	30.610	1039.5	1089.0	-	95.5	0.0	30.7	843.4	44.0	847.0	95.4	1.8	1.8	0.0	0.0	30.7	843.4	44.0	847.0
16:36:40, Wednesday, March 19, 2025	30.985	1039.5	1094.5	-	95.0	0.0	30.6	844.0	55.0	858.0	95.3	1.8	1.8	0.0	0.0	30.6	844.0	55.0	858.0
16:36:40, Wednesday, March 19, 2025	31.344	1045.0	1089.0	-	96.0	0.0	30.9	843.3	49.5	852.5	96.2	1.8	1.8	0.0	0.0	30.9	843.3	49.5	852.5
16:36:40, Wednesday, March 19, 2025	31.750	1034.0	1094.5	-	94.5	0.0	31.0	842.8	44.0	847.0	96.3	1.8	1.8	0.0	0.0	31.0	842.8	44.0	847.0
16:36:41, Wednesday, March 19, 2025	32.125	1045.0	1089.0	-	96.0	0.0	31.0	843.7	55.0	858.0	96.4	1.8	1.8	0.0	0.0	31.0	843.7	55.0	858.0
16:36:41, Wednesday, March 19, 2025	32.516	1039.5	1072.5	-	96.9	0.0	31.0	844.4	49.5	852.5	95.4	1.8	1.8	0.0	0.0	31.0	844.4	49.5	852.5
16:36:42, Wednesday, March 19, 2025	32.891	1039.5	1083.5	-	95.9	0.0	30.7	843.6	49.5	863.5	96.2	1.8	1.8	0.0	0.0	30.7	843.6	49.5	863.5
16:36:42, Wednesday, March 19, 2025	33.266	1028.5	1083.5	-	94.9	0.0	30.8	843.2	60.5	863.5	96.3	1.7	1.8	0.0	0.0	30.8	843.2	60.5	863.5
16:36:42, Wednesday, March 19, 2025	33.657	1045.0	1094.5	-	95.5	0.0	30.7	843.2	33.0	847.0	96.5	1.7	1.8	0.0	0.0	30.7	843.2	33.0	847.0
16:36:43, Wednesday, March 19, 2025	34.047	1039.5	1078.0	-	96.4	0.0	30.6	843.0	55.0	858.0	96.1	1.8	1.8	0.0	0.0	30.6	843.0	55.0	858.0
16:36:43, Wednesday, March 19, 2025	34.422	1039.5	1100.0	-	94.5	0.0	30.5	843.1	38.5	847.0	96.3	1.8	1.8	0.0	0.0	30.5	843.1	38.5	847.0
16:36:44, Wednesday, March 19, 2025	34.813	1039.5	1089.0	-	95.5	0.0	30.6	841.9	33.0	852.5	96.2	1.7	1.8	0.0	0.0	30.6	841.9	33.0	852.5
16:36:44, Wednesday, March 19, 2025	35.188	1039.5	1089.0	-	95.5	0.0	30.8	842.3	33.0	847.0	95.4	1.8	1.8	0.0	0.0	30.8	842.3	33.0	847.0
16:36:44, Wednesday, March 19, 2025	35.578	1039.5	1094.5	-	95.0	0.0	30.6	842.8	33.0	847.0	96.2	1.8	1.8	0.0	0.0	30.6	842.8	33.0	847.0
16:36:45, Wednesday, March 19, 2025	35.969	1039.5	1083.5	-	95.9	0.0	30.8	842.4	44.0	847.0	95.4	1.8	1.8	0.0	0.0	30.8	842.4	44.0	847.0
16:36:45, Wednesday, March 19, 2025	36.344	1039.5	1078.0	-	96.4	0.0	31.6	842.9	33.0	847.0	95.8	1.8	1.8	0.0	0.0	31.6	842.9	33.0	847.0
16:36:45, Wednesday, March 19, 2025	36.719	1045.0	1089.0	-	96.0	0.0	31.7	842.3	27.5	847.0	96.7	1.8	1.8	0.0	0.0	31.7	842.3	27.5	847.0
16:36:46, Wednesday, March 19, 2025	37.078	1039.5	1083.5	-	95.9	0.0	30.7	843.7	49.5	852.5	97.2	1.8	1.8	0.0	0.0	30.7	843.7	49.5	852.5
16:36:46, Wednesday, March 19, 2025	37.453	1039.5	1078.0	-	96.4	0.0	31.0	843.8	44.0	847.0	96.2	1.8	1.8	0.0	0.0	31.0	843.8	44.0	847.0
16:36:47, Wednesday, March 19, 2025	37.828	1039.5	1078.0	-	96.4	0.0	31.0	843.3	27.5	847.0	95.6	1.8	1.8	0.0	0.0	31.0	843.3	27.5	847.0
16:36:47, Wednesday, March 19, 2025	38.203	1050.5	1100.0	-	95.5	0.0	31.0	842.0	44.0	858.0	96.3	1.8	1.8	0.0	0.0	31.0	842.0	44.0	858.0
16:36:47, Wednesday, March 19, 2025	38.578	1039.5	1089.0	-	95.5	0.0	31.3	842.9	49.5	852.5	95.6	1.7	1.8	0.0	0.0	31.3	842.9	49.5	852.5
16:36:48, Wednesday, March 19, 2025	38.953	1039.5	1094.5	-	95.0	0.0	31.5	842.7	38.5	858.0	96.2	1.8	1.8	0.0	0.0	31.5	842.7	38.5	858.0
16:36:48, Wednesday, March 19, 2025	39.344	1039.5	1083.5	-	95.9	0.0	31.5	842.2	49.5	863.5	96.7	1.8	1.8	0.0	0.0	31.5	842.2	49.5	863.5
16:36:48, Wednesday, March 19, 2025	39.719	1039.5	1072.5	-	96.9	0.0	32.0	843.2	38.5	858.0	95.5	1.7	1.8	0.0	0.0	32.0	843.2	38.5	858.0
16:36:49, Wednesday, March 19, 2025	40.094	1034.0	1083.5	-	95.4	0.0	31.5	843.2	33.0	841.5	95.3	1.8	1.8	0.0	0.0	31.5	843.2	33.0	841.5
16:36:49, Wednesday, March 19, 2025	40.485	1039.5	1083.5	-	95.9	0.0	31.1	842.5	49.5	852.5	95.6	1.7	1.8	0.0	0.0	31.1	842.5	49.5	852.5
16:36:50, Wednesday, March 19, 2025	40.875	1039.5	1078.0	-	96.4	0.0	31.3	843.0	49.5	858.0	96.4	1.8	1.8	0.0	0.0	31.3	843.0	49.5	858.0
16:36:50, Wednesday, March 19, 2025	41.266	1045.0	1083.5	-	96.4	0.0	31.6	843.8	38.5	847.0	96.3	1.8	1.8	0.0	0.0	31.6	843.8	38.5	847.0
16:36:50, Wednesday, March 19, 2025	41.641	1039.5	1089.0	-	95.5	0.0	31.8	842.5	49.5	863.5	95.9	1.8	1.8	0.0	0.0	31.8	842.5	49.5	863.5
16:36:51, Wednesday, March 19, 2025	42.016	1045.0	1078.0	-	96.9	0.0	31.6	842.3	44.0	847.0	95.5	1.7	1.8	0.0	0.0	31.6	842.3	44.0	847.0
16:36:51, Wednesday, March 19, 2025	42.407	1050.5	1083.5	-	97.0	0.0	31.3	842.6	38.5	847.0	96.7	1.8	1.8	0.0	0.0	31.3	842.6	38.5	847.0
16:36:52, Wednesday, March 19, 2025	42.797	1045.0	1094.5	-	95.5	0.0	31.4	842.8	55.0	863.5	96.1	1.8	1.8	0.0	0.0	31.4	842.8	55.0	863.5
16:36:52, Wednesday, March 19, 2025	43.188	1039.5	1089.0	-	95.5	0.0	31.3	843.0	38.5	858.0	95.2	1.7	1.8	0.0	0.0	31.3	843.0	38.5	858.0
16:36:52, Wednesday, March 19, 2025	43.563	1045.0	1078.0	-	96.9	0.0	31.7	841.9	33.0	847.0	96.0	1.7	1.8	0.0	0.0	31.7	841.9	33.0	847.0
16:36:53, Wednesday, March 19, 2025	43.953	1039.5	1078.0	-	96.4	0.0	31.0	842.4	49.5	852.5	95.7	1.8	1.8	0.0	0.0	31.0	842.4	49.5	852.5
16:36:53, Wednesday, March 19, 2025	44.328	1039.5	1078.0	-	96.4	0.0	30.9	842.6	49.5	863.5	95.9	1.8	1.8	0.0	0.0	30.9	842.6	49.5	863.5
16:36:53, Wednesday, March 19, 2025	44.703	1045.0	1083.5	-	96.4	0.0	31.2	842.4	33.0	852.5	96.5	1.8	1.8	0.0	0.0	31.2	842.4	33.0	852.5
16:36:54, Wednesday, March 19, 2025	45.094	1039.5	1072.5	-	96.9	0.0	31.2	842.2	44.0	847.0	95.7	1.8	1.8	0.0	0.0	31.2	842.2	44.0	847.0
16:36:54, Wednesday, March 19, 2025	45.469	1039.5	1089.0	-	95.5	0.0	30.9	843.2	33.0	847.0	96.0	1.7	1.8	0.0	0.0	30.9	843.2	33.0	847.0
16:36:55, Wednesday, March 19, 2025	45.844	1039.5	1089.0	-	95.5	0.0	31.0	843.6	33.0	847.0	96.2	1.8	1.8	0.0	0.0	31.0	843.6	33.0	847.0
16:36:55, Wednesday, March 19, 2025	46.235	1034.0	1078.0	-	95.9	0.0	31.7	842.5	44.0	847.0	95.6	1.8	1.8	0.0	0.0	31.7	842.5	44.0	847.0
16:36:55, Wednesday, March 19, 2025	46.610	1034.0	1078.0	-	95.9	0.0	31.5	842.3	55.0	863.5	94.7	1.7	1.8	0.0	0.0	31.5	842.3	55.0	863.5
16:36:56, Wednesday, March 19, 2025	46.985	1034.0	1078.0	-	95.9	0.0	31.3	843.3	55.0	858.0	95.2	1.7	1.8	0.0	0.0	31.3	843.3	55.0	858.0
16:36:56, Wednesday, March 19, 2025	47.375	1039.5	1089.0	-	95.5	0.0	30.9	842.3	38.5	858.0	96.1	1.8	1.8	0.0	0.0	30.9	842.3	38.5	858.0
16:36:56, Wednesday, March 19, 2025	47.735	1039.5	1094.5	-	95.0	0.0	30.8	842.2	33.0	852.5	96.8	1.8	1.8	0.0	0.0	30.8	842.2	33.0	852.5
16:36:57, Wednesday, March 19, 2025	48.141	1039.5	1089.0	-	95.5	0.0	30.8	843.5	49.5	852.5	96.2	1.7	1.8	0.0	0.0	30.8	843.5	49.5	852.5
16:36:57, Wednesday, March 19, 2025	48.516	1045.0	1083.5	-	96.4	0.0	31.3	843.0	44.0	847.0	96.3	1.8	1.8	0.0	0.0	31.3	843.0	44.0	847.0
16:36:58, Wednesday, March 19, 2025	48.891	1039.5	1083.5	-	95.9	0.0	30.9	842.7	60.5	863.5	95.7	1.7	1.8	0.0	0.0	30.9	842.7	60.5	863.5
16:36:58, Wednesday, March 19, 2025	49.282	1039.5	1094.5	-	95.0	0.0	31.1	842.3	33.0	852.5	96.2	1.7	1.8	0.0	0.0	31.1	842.3	33.0	852.5
16:36:58, Wednesday, March 19, 2025	49.657	1039.5	1094.5	-	95.0	0.0	30.9	842.8	44.0	847.0	96.5	1.8	1.8	0.0	0.0	30.9	842.8	44.0	847.0
16:36:59, Wednesday, March 19, 2025	50.047	1039.5	1078.0	-	96.4	0.0	31.3	843.4	38.5	858.0	96.1	1.8	1.8	0.0	0.0	31.3	843.4	38.5	858.0
16:36:59, Wednesday, March 19, 2025	50.422	1039.5	1094.5	-	95.0	0.0	30.7	842.4	49.5	863.5	95.6	1.7	1.8	0.0	0.0	30.7	842.4	49.5	863.5
16:37:00, Wednesday, March 19, 2025	50.782	1039.5	1089.0	-	95.5	0.0	30.6	843.2	44.0	847.0	95.8	1.8	1.8	0.0	0.0	30.6	843.2	44.0	847.0
16:37:00, Wednesday, March 19, 2025	51.157	1045.0	1089.0	-	96.0	0.0	31.0	842.7	44.0	847.0	96.2	1.8	1.8	0.0	0.0	31.0	842.7	44.0	847.0
16:37:00, Wednesday, March 19, 2025	51.516	1034.0	1061.5	-	97.4	0.0	31.2	842.9	33.0	852.5	95.8	1.8	1.8	0.0	0.0	31.2	842.9	33.0	852.5
16:37:01, Wednesday, March 19, 2025	51.907	1039.5	1094.5	-	95.0	0.0	30.9	843.1	44.0	863.5	96.6	1.7	1.8	0.0	0.0	30.9	843.1	44.0	863.5
16:37:01, Wednesday, March 19, 2025	52.297	1045.0	1083.5	-	96.4	0.0	31.0	843.6	55.0	863.5	96.5	1.8	1.8	0.0	0.0	31.0	843.6	55.0	863.5
16:37:01, Wednesday, March 19, 2025	52.688	1034.0	1089.0	-	94.9	0.0	31.2	844.0	55.0	863.5	94.6	1.7	1.8	0.0	0.0	31.2	844.0	55.0	863.5
16:37:02, Wednesday, March 19, 2025	53.047	1039.5	1083.5	-	95.9	0.0	30.7	842.4	55.0	858.0	96.2	1.8	1.8	0.0	0.0	30.7	842.4	55.0	858.0
16:37:02, Wednesday, March 19, 2025	53.453	1045.0	1094.5	-	95.5	0.0	30.6	842.0	55.0	858.0	96.7	1.8	1.8	0.0	0.0	30.6	842.0	55.0	858.0
16:37:03, Wednesday, March 19, 2025	53.844	1039.5	1094.5	-	95.0	0.0	30.6	842.7	33.0	852.5	95.9	1.8	1.8	0.0	0.0	30.6	842.7	33.0	852.5
16:37:03, Wednesday, March 19, 2025	54.219	1039.5	1083.5	-	95.9	0.0	31.2	843.5	33.0	852.5	96.1	1.8	1.8	0.0	0.0	31.2	843.5	33.0	852.5
16:37:03, Wednesday, March 19, 2025	54.578	1039.5	1083.5	-	95.9	0.0	30.8	843.6	33.0	847.0	95.6	1.8	1.8	0.0	0.0	30.8	843.6	33.0	847.0
16:37:04, Wednesday, March 19, 2025	54.969	1039.5	1089.0	-	95.5	0.0	31.3	843.4	33.0	852.5	96.1	1.8	1.8	0.0	0.0	31.3	843.4	33.0	852.5
16:37:04, Wednesday, March 19, 2025	55.344	1045.0	1094.5	-	95.5	0.0	31.3	843.0	33.0	852.5	96.3	1.8	1.8	0.0	0.0	31.3	843.0	33.0	852.5
16:37:04, Wednesday, March 19, 2025	55.750	1045.0	1089.0	-	96.0	0.0	31.1	843.4	49.5	863.5	96.8	1.8	1.8	0.0	0.0	31.1	843.4	49.5	863.5
16:37:05, Wednesday, March 19, 2025	56.125	1039.5	1078.0	-	96.4	0.0	31.4	842.8	44.0	847.0	95.7	1.8	1.8	0.0	0.0	31.4	842.8	44.0	847.0
16:37:05, Wednesday, March 19, 2025	56.500	1039.5	1083.5	-	95.9	0.0	31.2	842.7	33.0	852.5	94.9	1.8	1.8	0.0	0.0	31.2	842.7	33.0	852.5
16:37:06, Wednesday, March 19, 2025	56.860	1039.5	1083.5	-	95.9	0.0	31.3	844.3	44.0	847.0	95.7	1.8	1.8	0.0	0.0	31.3	844.3	44.0	847.0
16:37:06, Wednesday, March 19, 2025	57.266	1045.0	1089.0	-	96.0	0.0	31.2	842.6	38.5	858.0	96.0	1.7	1.8	0.0	0.0	31.2	842.6	38.5	858.0
16:37:06, Wednesday, March 19, 2025	57.641	1039.5	1089.0	-	95.5	0.0	31.2	843.2	44.0	847.0	96.3	1.7	1.8	0.0	0.0	31.2	843.2	44.0	847.0
16:37:07, Wednesday, March 19, 2025	58.000	1039.5	1089.0	-	95.5	0.0	31.1	842.6	44.0	847.0	96.2	1.8	1.8	0.0	0.0	31.1	842.6	44.0	847.0
16:37:07, Wednesday, March 19, 2025	58.360	1039.5	1089.0	-	95.5	0.0	31.2	843.8	44.0	847.0	96.0	1.8	1.8	0.0	0.0	31.2	843.8	44.0	847.0
16:37:07, Wednesday, March 19, 2025	58.735	1039.5	1083.5	-	95.9	0.0	31.2	843.8	33.0	847.0	96.0	1.8	1.8	0.0	0.0	31.2	843.8	33.0	847.0
16:37:08, Wednesday, March 19, 2025	59.110	1039.5	1078.0	-	96.4	0.0	30.9	843.7	33.0	847.0	95.2	1.7	1.8	0.0	0.0	30.9	843.7	33.0	847.0
16:37:08, Wednesday, March 19, 2025	59.500	1039.5	1083.5	-	95.9	0.0	30.8	842.9	38.5	847.0	95.8	1.7	1.8	0.0	0.0	30.8	842.9	38.5	847.0
16:37:09, Wednesday, March 19, 2025	59.875	1045.0	1094.5	-	95.5	0.0	31.0	843.5	44.0	847.0	96.0	1.8	1.8	0.0	0.0	31.0	843.5	44.0	847.0
16:37:09, Wednesday, March 19, 2025	60.235	1039.5	1089.0	-	95.5	0.0	31.1	844.0	38.5	847.0	95.6	1.7	1.8	0.0	0.0	31.1	844.0	38.5	847.0
16:37:09, Wednesday, March 19, 2025	60.610	1039.5	1083.5	-	95.9	0.0	30.8	842.4	49.5	852.5	95.6	1.7	1.8	0.0	0.0	30.8	842.4	49.5	852.5
