Camera Name: Beamage-3.0
Serial Number: 271193
Firmware: 1.70
Description: USB3.0 Beam Profiling Camera
ADC level: 12 bits 
Sampling Rate: 1 / 1 pulse(s)
Total Duration: 0:0:0:30 (DD:HH:MM:SS)
_______________________________________________________________
Date	 Elapsed time(sec)	 dSigma X(um)	 dSigma Y (um)	 Effective Diameter(um)	 Ellipticity(%)	 Orientation(degrees)	 Centroid X(um)	 Centroid y(um)	 Peak X(um)	 Peak Y(um)	 Peak Saturation level(%)	 Peak to Average Ratio X	 Peak to Average Ratio Y	 X Baseline Position	 Y Baseline Position	 Delta Centroid X	 Delta Centroid Y	 Delta Peak X	 Delta Peak Y	  
 18:15:02, Wednesday, April 30, 2025	0.046	1232.0	1078.0	-	87.5	0.0	675.2	277.7	665.5	253.0	85.4	1.7	1.7	174.2	687.7	501.1	-410.1	491.3	-434.7
18:15:02, Wednesday, April 30, 2025	0.203	1232.0	1078.0	-	87.5	0.0	675.2	277.5	665.5	242.0	85.3	1.7	1.7	174.2	687.7	501.0	-410.2	491.3	-445.7
18:15:02, Wednesday, April 30, 2025	0.406	1215.5	1078.0	-	88.7	0.0	675.6	277.7	665.5	297.0	86.2	1.7	1.7	174.2	687.7	501.4	-410.1	491.3	-390.7
18:15:02, Wednesday, April 30, 2025	0.593	1232.0	1072.5	-	87.1	0.0	675.5	277.8	665.5	313.5	85.4	1.8	1.7	174.2	687.7	501.3	-409.9	491.3	-374.2
18:15:02, Wednesday, April 30, 2025	0.765	1237.5	1078.0	-	87.1	0.0	675.5	277.9	704.0	286.0	85.7	1.7	1.7	174.2	687.7	501.4	-409.8	529.8	-401.7
18:15:03, Wednesday, April 30, 2025	0.937	1215.5	1072.5	-	88.2	0.0	675.4	277.8	671.0	231.0	85.7	1.7	1.7	174.2	687.7	501.2	-409.9	496.8	-456.7
18:15:03, Wednesday, April 30, 2025	1.140	1232.0	1078.0	-	87.5	0.0	675.4	277.8	665.5	330.0	85.3	1.7	1.7	174.2	687.7	501.2	-409.9	491.3	-357.7
18:15:03, Wednesday, April 30, 2025	1.359	1221.0	1078.0	-	88.3	0.0	675.5	277.7	704.0	258.5	85.8	1.7	1.7	174.2	687.7	501.3	-410.0	529.8	-429.2
18:15:03, Wednesday, April 30, 2025	1.546	1226.5	1078.0	-	87.9	0.0	675.6	277.6	715.0	291.5	85.6	1.7	1.7	174.2	687.7	501.4	-410.2	540.8	-396.2
18:15:03, Wednesday, April 30, 2025	1.750	1232.0	1078.0	-	87.5	0.0	675.8	277.6	665.5	297.0	85.6	1.7	1.7	174.2	687.7	501.6	-410.1	491.3	-390.7
18:15:04, Wednesday, April 30, 2025	1.921	1226.5	1078.0	-	87.9	0.0	675.8	277.6	627.0	242.0	85.7	1.7	1.7	174.2	687.7	501.6	-410.1	452.8	-445.7
18:15:04, Wednesday, April 30, 2025	2.125	1221.0	1083.5	-	88.7	0.0	675.8	277.4	665.5	253.0	85.9	1.7	1.7	174.2	687.7	501.6	-410.3	491.3	-434.7
18:15:04, Wednesday, April 30, 2025	2.296	1237.5	1072.5	-	86.7	0.0	675.8	277.6	621.5	258.5	85.8	1.7	1.7	174.2	687.7	501.7	-410.1	447.3	-429.2
18:15:04, Wednesday, April 30, 2025	2.500	1232.0	1067.0	-	86.6	0.0	675.6	277.5	665.5	236.5	85.5	1.8	1.7	174.2	687.7	501.4	-410.3	491.3	-451.2
18:15:04, Wednesday, April 30, 2025	2.671	1226.5	1072.5	-	87.4	0.0	675.5	277.3	665.5	264.0	85.9	1.7	1.7	174.2	687.7	501.3	-410.4	491.3	-423.7
18:15:05, Wednesday, April 30, 2025	2.859	1232.0	1078.0	-	87.5	0.0	675.5	277.4	676.5	242.0	85.5	1.7	1.7	174.2	687.7	501.3	-410.3	502.3	-445.7
18:15:05, Wednesday, April 30, 2025	3.046	1226.5	1078.0	-	87.9	0.0	675.4	277.1	687.5	247.5	85.3	1.7	1.7	174.2	687.7	501.2	-410.6	513.3	-440.2
18:15:05, Wednesday, April 30, 2025	3.218	1232.0	1083.5	-	87.9	0.0	675.2	277.1	665.5	297.0	85.3	1.7	1.7	174.2	687.7	501.0	-410.6	491.3	-390.7
18:15:05, Wednesday, April 30, 2025	3.421	1243.0	1072.5	-	86.3	0.0	674.9	277.4	660.0	253.0	85.8	1.7	1.7	174.2	687.7	500.7	-410.4	485.8	-434.7
18:15:05, Wednesday, April 30, 2025	3.593	1232.0	1072.5	-	87.1	0.0	675.2	277.4	687.5	247.5	85.9	1.7	1.7	174.2	687.7	501.0	-410.4	513.3	-440.2
18:15:05, Wednesday, April 30, 2025	3.765	1232.0	1078.0	-	87.5	0.0	675.4	277.0	660.0	302.5	85.3	1.7	1.7	174.2	687.7	501.2	-410.7	485.8	-385.2
18:15:06, Wednesday, April 30, 2025	3.953	1226.5	1078.0	-	87.9	0.0	675.3	276.8	649.0	286.0	85.9	1.7	1.7	174.2	687.7	501.1	-410.9	474.8	-401.7
18:15:06, Wednesday, April 30, 2025	4.125	1232.0	1083.5	-	87.9	0.0	675.5	276.8	621.5	269.5	86.0	1.8	1.7	174.2	687.7	501.3	-411.0	447.3	-418.2
18:15:06, Wednesday, April 30, 2025	4.312	1237.5	1078.0	-	87.1	0.0	675.2	276.7	671.0	297.0	85.3	1.7	1.7	174.2	687.7	501.0	-411.0	496.8	-390.7
18:15:06, Wednesday, April 30, 2025	4.484	1226.5	1089.0	-	88.8	0.0	675.1	277.0	654.5	291.5	85.6	1.7	1.7	174.2	687.7	500.9	-410.8	480.3	-396.2
18:15:06, Wednesday, April 30, 2025	4.656	1232.0	1072.5	-	87.1	0.0	675.1	276.8	671.0	242.0	85.3	1.7	1.7	174.2	687.7	501.0	-410.9	496.8	-445.7
18:15:06, Wednesday, April 30, 2025	4.828	1232.0	1078.0	-	87.5	0.0	675.0	277.0	665.5	291.5	85.2	1.7	1.7	174.2	687.7	500.9	-410.7	491.3	-396.2
18:15:07, Wednesday, April 30, 2025	5.046	1232.0	1083.5	-	87.9	0.0	674.8	276.6	671.0	236.5	85.6	1.8	1.7	174.2	687.7	500.6	-411.1	496.8	-451.2
18:15:07, Wednesday, April 30, 2025	5.218	1232.0	1078.0	-	87.5	0.0	675.2	277.0	665.5	280.5	85.4	1.7	1.7	174.2	687.7	501.0	-410.7	491.3	-407.2
18:15:07, Wednesday, April 30, 2025	5.375	1232.0	1072.5	-	87.1	0.0	675.1	277.0	621.5	275.0	85.4	1.7	1.7	174.2	687.7	501.0	-410.7	447.3	-412.7
18:15:07, Wednesday, April 30, 2025	5.562	1232.0	1072.5	-	87.1	0.0	675.1	276.8	687.5	247.5	85.5	1.7	1.7	174.2	687.7	501.0	-411.0	513.3	-440.2
18:15:07, Wednesday, April 30, 2025	5.718	1237.5	1089.0	-	88.0	0.0	675.2	277.0	671.0	242.0	85.1	1.7	1.7	174.2	687.7	501.1	-410.7	496.8	-445.7
18:15:08, Wednesday, April 30, 2025	5.921	1237.5	1072.5	-	86.7	0.0	675.2	277.1	665.5	275.0	85.6	1.7	1.7	174.2	687.7	501.0	-410.7	491.3	-412.7
18:15:08, Wednesday, April 30, 2025	6.078	1215.5	1078.0	-	88.7	0.0	675.2	276.8	660.0	291.5	85.2	1.7	1.7	174.2	687.7	501.1	-411.0	485.8	-396.2
18:15:08, Wednesday, April 30, 2025	6.250	1226.5	1072.5	-	87.4	0.0	675.4	277.4	621.5	269.5	85.2	1.7	1.7	174.2	687.7	501.2	-410.4	447.3	-418.2
18:15:08, Wednesday, April 30, 2025	6.453	1226.5	1067.0	-	87.0	0.0	675.4	277.5	660.0	302.5	85.3	1.7	1.7	174.2	687.7	501.2	-410.2	485.8	-385.2
18:15:08, Wednesday, April 30, 2025	6.640	1221.0	1072.5	-	87.8	0.0	675.5	277.0	660.0	291.5	85.7	1.7	1.7	174.2	687.7	501.3	-410.7	485.8	-396.2
18:15:08, Wednesday, April 30, 2025	6.796	1215.5	1083.5	-	89.1	0.0	675.7	277.2	665.5	236.5	85.1	1.7	1.7	174.2	687.7	501.5	-410.6	491.3	-451.2
18:15:09, Wednesday, April 30, 2025	6.984	1215.5	1089.0	-	89.6	0.0	675.7	277.4	665.5	324.5	85.3	1.7	1.7	174.2	687.7	501.6	-410.4	491.3	-363.2
18:15:09, Wednesday, April 30, 2025	7.156	1237.5	1072.5	-	86.7	0.0	675.7	277.1	660.0	286.0	85.5	1.7	1.7	174.2	687.7	501.6	-410.6	485.8	-401.7
18:15:09, Wednesday, April 30, 2025	7.328	1215.5	1072.5	-	88.2	0.0	675.5	277.4	671.0	258.5	85.5	1.7	1.7	174.2	687.7	501.4	-410.3	496.8	-429.2
18:15:09, Wednesday, April 30, 2025	7.515	1215.5	1072.5	-	88.2	0.0	675.6	277.2	665.5	297.0	85.1	1.7	1.7	174.2	687.7	501.4	-410.5	491.3	-390.7
18:15:09, Wednesday, April 30, 2025	7.687	1232.0	1078.0	-	87.5	0.0	675.4	277.2	660.0	286.0	85.4	1.8	1.7	174.2	687.7	501.3	-410.5	485.8	-401.7
18:15:10, Wednesday, April 30, 2025	7.859	1232.0	1078.0	-	87.5	0.0	675.2	277.4	715.0	269.5	85.4	1.7	1.7	174.2	687.7	501.1	-410.3	540.8	-418.2
18:15:10, Wednesday, April 30, 2025	8.031	1232.0	1078.0	-	87.5	0.0	675.3	277.6	715.0	203.5	85.0	1.7	1.7	174.2	687.7	501.2	-410.1	540.8	-484.2
18:15:10, Wednesday, April 30, 2025	8.218	1221.0	1078.0	-	88.3	0.0	675.3	277.1	715.0	269.5	85.8	1.7	1.7	174.2	687.7	501.1	-410.6	540.8	-418.2
18:15:10, Wednesday, April 30, 2025	8.390	1210.0	1078.0	-	89.1	0.0	675.5	277.4	665.5	280.5	85.3	1.7	1.7	174.2	687.7	501.3	-410.3	491.3	-407.2
18:15:10, Wednesday, April 30, 2025	8.593	1237.5	1078.0	-	87.1	0.0	675.7	277.3	665.5	291.5	85.6	1.8	1.7	174.2	687.7	501.6	-410.4	491.3	-396.2
18:15:10, Wednesday, April 30, 2025	8.781	1237.5	1078.0	-	87.1	0.0	675.6	277.0	709.5	275.0	85.5	1.8	1.7	174.2	687.7	501.5	-410.7	535.3	-412.7
18:15:11, Wednesday, April 30, 2025	8.984	1243.0	1072.5	-	86.3	0.0	675.4	276.8	621.5	275.0	86.0	1.8	1.7	174.2	687.7	501.3	-411.0	447.3	-412.7
18:15:11, Wednesday, April 30, 2025	9.140	1226.5	1072.5	-	87.4	0.0	675.2	276.9	687.5	247.5	85.9	1.7	1.7	174.2	687.7	501.0	-410.8	513.3	-440.2
18:15:11, Wednesday, April 30, 2025	9.312	1232.0	1072.5	-	87.1	0.0	675.9	277.5	671.0	308.0	85.2	1.7	1.7	174.2	687.7	501.7	-410.2	496.8	-379.7
18:15:11, Wednesday, April 30, 2025	9.500	1215.5	1067.0	-	87.8	0.0	675.5	277.4	671.0	302.5	85.4	1.7	1.7	174.2	687.7	501.3	-410.4	496.8	-385.2
18:15:11, Wednesday, April 30, 2025	9.671	1221.0	1083.5	-	88.7	0.0	675.0	277.4	671.0	308.0	85.5	1.7	1.7	174.2	687.7	500.8	-410.3	496.8	-379.7
18:15:11, Wednesday, April 30, 2025	9.843	1226.5	1078.0	-	87.9	0.0	675.3	277.3	715.0	280.5	85.7	1.7	1.7	174.2	687.7	501.2	-410.4	540.8	-407.2
18:15:12, Wednesday, April 30, 2025	10.031	1226.5	1067.0	-	87.0	0.0	674.9	277.3	660.0	291.5	86.0	1.8	1.7	174.2	687.7	500.7	-410.4	485.8	-396.2
18:15:12, Wednesday, April 30, 2025	10.203	1226.5	1078.0	-	87.9	0.0	674.7	276.6	665.5	302.5	85.1	1.7	1.7	174.2	687.7	500.6	-411.2	491.3	-385.2
18:15:12, Wednesday, April 30, 2025	10.375	1221.0	1083.5	-	88.7	0.0	675.3	277.8	709.5	275.0	85.2	1.7	1.7	174.2	687.7	501.2	-410.0	535.3	-412.7
18:15:12, Wednesday, April 30, 2025	10.578	1226.5	1072.5	-	87.4	0.0	675.8	276.8	660.0	258.5	85.2	1.8	1.7	174.2	687.7	501.6	-410.9	485.8	-429.2
18:15:12, Wednesday, April 30, 2025	10.750	1232.0	1078.0	-	87.5	0.0	675.9	276.8	715.0	280.5	85.2	1.7	1.7	174.2	687.7	501.7	-410.9	540.8	-407.2
18:15:13, Wednesday, April 30, 2025	10.921	1221.0	1078.0	-	88.3	0.0	675.8	276.2	715.0	269.5	85.6	1.8	1.7	174.2	687.7	501.6	-411.6	540.8	-418.2
18:15:13, Wednesday, April 30, 2025	11.109	1237.5	1072.5	-	86.7	0.0	675.0	276.8	715.0	286.0	85.3	1.7	1.7	174.2	687.7	500.9	-410.9	540.8	-401.7
18:15:13, Wednesday, April 30, 2025	11.281	1237.5	1078.0	-	87.1	0.0	675.2	277.0	671.0	242.0	85.4	1.7	1.7	174.2	687.7	501.0	-410.7	496.8	-445.7
18:15:13, Wednesday, April 30, 2025	11.453	1226.5	1078.0	-	87.9	0.0	675.6	277.3	660.0	247.5	85.3	1.7	1.7	174.2	687.7	501.5	-410.4	485.8	-440.2
18:15:13, Wednesday, April 30, 2025	11.609	1248.5	1072.5	-	85.9	0.0	675.7	277.3	715.0	291.5	85.9	1.8	1.7	174.2	687.7	501.5	-410.5	540.8	-396.2
18:15:13, Wednesday, April 30, 2025	11.812	1237.5	1072.5	-	86.7	0.0	675.3	277.6	665.5	242.0	85.3	1.8	1.7	174.2	687.7	501.2	-410.1	491.3	-445.7
18:15:14, Wednesday, April 30, 2025	11.984	1210.0	1072.5	-	88.6	0.0	675.6	277.5	665.5	280.5	85.7	1.7	1.7	174.2	687.7	501.4	-410.2	491.3	-407.2
18:15:14, Wednesday, April 30, 2025	12.156	1237.5	1078.0	-	87.1	0.0	675.1	277.2	665.5	291.5	85.5	1.7	1.7	174.2	687.7	500.9	-410.6	491.3	-396.2
18:15:14, Wednesday, April 30, 2025	12.328	1221.0	1078.0	-	88.3	0.0	675.3	277.0	660.0	231.0	85.6	1.7	1.7	174.2	687.7	501.2	-410.7	485.8	-456.7
18:15:14, Wednesday, April 30, 2025	12.515	1237.5	1072.5	-	86.7	0.0	675.2	277.0	665.5	236.5	85.4	1.7	1.7	174.2	687.7	501.0	-410.7	491.3	-451.2
18:15:14, Wednesday, April 30, 2025	12.687	1221.0	1078.0	-	88.3	0.0	674.9	276.9	665.5	297.0	85.3	1.7	1.7	174.2	687.7	500.7	-410.8	491.3	-390.7
18:15:15, Wednesday, April 30, 2025	12.875	1226.5	1078.0	-	87.9	0.0	675.0	276.8	660.0	242.0	86.2	1.7	1.7	174.2	687.7	500.8	-410.9	485.8	-445.7
18:15:15, Wednesday, April 30, 2025	13.046	1204.5	1067.0	-	88.6	0.0	674.8	277.0	660.0	324.5	85.4	1.7	1.7	174.2	687.7	500.6	-410.7	485.8	-363.2
18:15:15, Wednesday, April 30, 2025	13.218	1237.5	1072.5	-	86.7	0.0	675.0	276.9	665.5	236.5	85.4	1.7	1.7	174.2	687.7	500.8	-410.8	491.3	-451.2
18:15:15, Wednesday, April 30, 2025	13.390	1215.5	1078.0	-	88.7	0.0	675.1	276.8	671.0	242.0	85.4	1.7	1.7	174.2	687.7	500.9	-411.0	496.8	-445.7
18:15:15, Wednesday, April 30, 2025	13.562	1226.5	1072.5	-	87.4	0.0	675.1	277.0	671.0	242.0	85.4	1.7	1.7	174.2	687.7	500.9	-410.8	496.8	-445.7
18:15:15, Wednesday, April 30, 2025	13.734	1226.5	1078.0	-	87.9	0.0	675.2	276.8	665.5	225.5	84.9	1.7	1.7	174.2	687.7	501.1	-410.9	491.3	-462.2
18:15:16, Wednesday, April 30, 2025	13.906	1243.0	1072.5	-	86.3	0.0	675.1	276.6	665.5	275.0	85.4	1.7	1.7	174.2	687.7	501.0	-411.1	491.3	-412.7
18:15:16, Wednesday, April 30, 2025	14.093	1221.0	1072.5	-	87.8	0.0	675.1	276.6	676.5	242.0	85.5	1.7	1.7	174.2	687.7	500.9	-411.1	502.3	-445.7
18:15:16, Wednesday, April 30, 2025	14.281	1226.5	1078.0	-	87.9	0.0	675.1	276.6	704.0	313.5	85.3	1.7	1.7	174.2	687.7	501.0	-411.1	529.8	-374.2
18:15:16, Wednesday, April 30, 2025	14.468	1237.5	1078.0	-	87.1	0.0	675.1	276.8	665.5	313.5	85.6	1.7	1.7	174.2	687.7	500.9	-411.0	491.3	-374.2
18:15:16, Wednesday, April 30, 2025	14.640	1221.0	1078.0	-	88.3	0.0	675.0	276.8	660.0	231.0	85.3	1.7	1.7	174.2	687.7	500.9	-410.9	485.8	-456.7
18:15:16, Wednesday, April 30, 2025	14.828	1226.5	1061.5	-	86.5	0.0	675.3	276.8	665.5	275.0	85.4	1.7	1.7	174.2	687.7	501.2	-411.0	491.3	-412.7
18:15:17, Wednesday, April 30, 2025	14.984	1232.0	1067.0	-	86.6	0.0	675.1	276.9	621.5	275.0	85.5	1.7	1.7	174.2	687.7	500.9	-410.9	447.3	-412.7
18:15:17, Wednesday, April 30, 2025	15.156	1226.5	1078.0	-	87.9	0.0	675.0	276.9	704.0	286.0	85.6	1.7	1.7	174.2	687.7	500.8	-410.8	529.8	-401.7
18:15:17, Wednesday, April 30, 2025	15.312	1237.5	1078.0	-	87.1	0.0	675.0	276.5	616.0	269.5	85.5	1.7	1.7	174.2	687.7	500.8	-411.2	441.8	-418.2
18:15:17, Wednesday, April 30, 2025	15.500	1232.0	1083.5	-	87.9	0.0	675.0	276.9	671.0	242.0	85.4	1.7	1.7	174.2	687.7	500.9	-410.9	496.8	-445.7
18:15:17, Wednesday, April 30, 2025	15.671	1221.0	1078.0	-	88.3	0.0	675.0	276.6	665.5	286.0	85.3	1.7	1.7	174.2	687.7	500.8	-411.1	491.3	-401.7
18:15:17, Wednesday, April 30, 2025	15.843	1232.0	1078.0	-	87.5	0.0	674.9	276.8	665.5	236.5	85.6	1.7	1.7	174.2	687.7	500.7	-410.9	491.3	-451.2
18:15:18, Wednesday, April 30, 2025	16.031	1232.0	1083.5	-	87.9	0.0	674.9	276.6	660.0	275.0	85.5	1.8	1.7	174.2	687.7	500.7	-411.2	485.8	-412.7
18:15:18, Wednesday, April 30, 2025	16.171	1243.0	1083.5	-	87.2	0.0	674.9	276.9	671.0	242.0	85.9	1.7	1.7	174.2	687.7	500.7	-410.8	496.8	-445.7
18:15:18, Wednesday, April 30, 2025	16.343	1221.0	1078.0	-	88.3	0.0	675.1	276.8	709.5	275.0	85.4	1.7	1.7	174.2	687.7	500.9	-410.9	535.3	-412.7
18:15:18, Wednesday, April 30, 2025	16.515	1215.5	1078.0	-	88.7	0.0	675.2	276.7	660.0	286.0	85.7	1.7	1.7	174.2	687.7	501.0	-411.1	485.8	-401.7
18:15:18, Wednesday, April 30, 2025	16.687	1232.0	1078.0	-	87.5	0.0	675.2	276.7	660.0	236.5	85.2	1.7	1.7	174.2	687.7	501.0	-411.1	485.8	-451.2
18:15:19, Wednesday, April 30, 2025	16.859	1232.0	1078.0	-	87.5	0.0	675.0	276.7	676.5	236.5	85.5	1.8	1.7	174.2	687.7	500.9	-411.1	502.3	-451.2
18:15:19, Wednesday, April 30, 2025	17.031	1221.0	1078.0	-	88.3	0.0	675.2	276.8	715.0	291.5	85.4	1.7	1.7	174.2	687.7	501.0	-410.9	540.8	-396.2
18:15:19, Wednesday, April 30, 2025	17.218	1226.5	1078.0	-	87.9	0.0	675.3	276.7	638.0	220.0	85.4	1.7	1.7	174.2	687.7	501.2	-411.0	463.8	-467.7
18:15:19, Wednesday, April 30, 2025	17.375	1221.0	1078.0	-	88.3	0.0	675.2	276.7	715.0	269.5	85.5	1.7	1.7	174.2	687.7	501.1	-411.1	540.8	-418.2
18:15:19, Wednesday, April 30, 2025	17.546	1210.0	1078.0	-	89.1	0.0	675.2	277.0	665.5	302.5	85.6	1.7	1.7	174.2	687.7	501.0	-410.7	491.3	-385.2
18:15:19, Wednesday, April 30, 2025	17.734	1237.5	1072.5	-	86.7	0.0	675.1	277.0	665.5	297.0	85.3	1.7	1.7	174.2	687.7	500.9	-410.7	491.3	-390.7
18:15:20, Wednesday, April 30, 2025	17.890	1232.0	1083.5	-	87.9	0.0	675.1	276.9	671.0	242.0	85.4	1.7	1.7	174.2	687.7	500.9	-410.8	496.8	-445.7
18:15:20, Wednesday, April 30, 2025	18.078	1215.5	1083.5	-	89.1	0.0	675.0	277.1	671.0	242.0	85.5	1.7	1.7	174.2	687.7	500.9	-410.7	496.8	-445.7
18:15:20, Wednesday, April 30, 2025	18.218	1232.0	1083.5	-	87.9	0.0	675.2	276.8	665.5	275.0	85.4	1.7	1.7	174.2	687.7	501.1	-411.0	491.3	-412.7
18:15:20, Wednesday, April 30, 2025	18.406	1215.5	1078.0	-	88.7	0.0	675.1	277.0	709.5	225.5	85.6	1.7	1.7	174.2	687.7	500.9	-410.8	535.3	-462.2
18:15:20, Wednesday, April 30, 2025	18.562	1243.0	1072.5	-	86.3	0.0	675.3	276.5	665.5	275.0	85.3	1.7	1.7	174.2	687.7	501.1	-411.2	491.3	-412.7
18:15:20, Wednesday, April 30, 2025	18.718	1221.0	1078.0	-	88.3	0.0	675.4	276.3	649.0	286.0	85.4	1.7	1.7	174.2	687.7	501.2	-411.4	474.8	-401.7
18:15:21, Wednesday, April 30, 2025	18.890	1232.0	1078.0	-	87.5	0.0	675.2	276.6	654.5	280.5	85.9	1.7	1.7	174.2	687.7	501.0	-411.1	480.3	-407.2
18:15:21, Wednesday, April 30, 2025	19.062	1226.5	1072.5	-	87.4	0.0	675.4	276.5	665.5	286.0	86.2	1.7	1.7	174.2	687.7	501.2	-411.3	491.3	-401.7
18:15:21, Wednesday, April 30, 2025	19.218	1232.0	1083.5	-	87.9	0.0	675.4	276.2	715.0	269.5	85.2	1.7	1.7	174.2	687.7	501.2	-411.5	540.8	-418.2
18:15:21, Wednesday, April 30, 2025	19.375	1232.0	1078.0	-	87.5	0.0	675.5	276.0	654.5	291.5	85.6	1.7	1.7	174.2	687.7	501.3	-411.7	480.3	-396.2
18:15:21, Wednesday, April 30, 2025	19.531	1226.5	1078.0	-	87.9	0.0	675.5	276.0	654.5	291.5	85.4	1.7	1.7	174.2	687.7	501.4	-411.7	480.3	-396.2
18:15:21, Wednesday, April 30, 2025	19.703	1221.0	1083.5	-	88.7	0.0	675.5	276.3	649.0	286.0	85.5	1.7	1.7	174.2	687.7	501.3	-411.4	474.8	-401.7
18:15:22, Wednesday, April 30, 2025	19.875	1215.5	1072.5	-	88.2	0.0	675.4	276.3	665.5	302.5	85.3	1.7	1.7	174.2	687.7	501.2	-411.4	491.3	-385.2
18:15:22, Wednesday, April 30, 2025	20.046	1237.5	1067.0	-	86.2	0.0	675.3	276.5	671.0	242.0	85.9	1.7	1.7	174.2	687.7	501.1	-411.2	496.8	-445.7
18:15:22, Wednesday, April 30, 2025	20.203	1232.0	1072.5	-	87.1	0.0	675.1	276.4	671.0	231.0	85.8	1.7	1.7	174.2	687.7	501.0	-411.3	496.8	-456.7
18:15:22, Wednesday, April 30, 2025	20.390	1226.5	1072.5	-	87.4	0.0	675.2	276.8	665.5	297.0	85.4	1.8	1.7	174.2	687.7	501.0	-410.9	491.3	-390.7
18:15:22, Wednesday, April 30, 2025	20.562	1221.0	1089.0	-	89.2	0.0	675.0	276.5	671.0	297.0	86.0	1.8	1.7	174.2	687.7	500.9	-411.2	496.8	-390.7
18:15:22, Wednesday, April 30, 2025	20.734	1226.5	1083.5	-	88.3	0.0	674.9	276.3	660.0	319.0	85.8	1.7	1.7	174.2	687.7	500.8	-411.4	485.8	-368.7
18:15:23, Wednesday, April 30, 2025	20.906	1226.5	1078.0	-	87.9	0.0	674.9	276.1	621.5	269.5	85.7	1.7	1.7	174.2	687.7	500.7	-411.6	447.3	-418.2
18:15:23, Wednesday, April 30, 2025	21.093	1232.0	1072.5	-	87.1	0.0	675.3	276.5	660.0	297.0	85.4	1.7	1.7	174.2	687.7	501.1	-411.2	485.8	-390.7
18:15:23, Wednesday, April 30, 2025	21.250	1237.5	1083.5	-	87.6	0.0	675.5	276.5	665.5	231.0	85.6	1.7	1.7	174.2	687.7	501.3	-411.2	491.3	-456.7
18:15:23, Wednesday, April 30, 2025	21.421	1237.5	1078.0	-	87.1	0.0	675.2	276.6	704.0	319.0	85.8	1.8	1.7	174.2	687.7	501.1	-411.1	529.8	-368.7
18:15:23, Wednesday, April 30, 2025	21.609	1215.5	1072.5	-	88.2	0.0	675.2	276.6	621.5	275.0	86.0	1.7	1.7	174.2	687.7	501.1	-411.2	447.3	-412.7
18:15:23, Wednesday, April 30, 2025	21.781	1226.5	1078.0	-	87.9	0.0	675.2	277.0	715.0	269.5	85.9	1.8	1.7	174.2	687.7	501.0	-410.7	540.8	-418.2
18:15:24, Wednesday, April 30, 2025	21.953	1226.5	1072.5	-	87.4	0.0	675.0	277.3	704.0	258.5	85.8	1.7	1.7	174.2	687.7	500.9	-410.4	529.8	-429.2
18:15:24, Wednesday, April 30, 2025	22.125	1232.0	1078.0	-	87.5	0.0	674.9	277.3	676.5	236.5	85.6	1.7	1.7	174.2	687.7	500.8	-410.4	502.3	-451.2
18:15:24, Wednesday, April 30, 2025	22.296	1204.5	1078.0	-	89.5	0.0	675.0	276.9	676.5	236.5	85.9	1.7	1.7	174.2	687.7	500.8	-410.9	502.3	-451.2
18:15:24, Wednesday, April 30, 2025	22.484	1226.5	1072.5	-	87.4	0.0	675.5	276.5	660.0	242.0	85.5	1.7	1.7	174.2	687.7	501.3	-411.3	485.8	-445.7
18:15:24, Wednesday, April 30, 2025	22.671	1215.5	1078.0	-	88.7	0.0	674.7	276.7	709.5	231.0	85.3	1.7	1.7	174.2	687.7	500.5	-411.0	535.3	-456.7
18:15:24, Wednesday, April 30, 2025	22.843	1221.0	1072.5	-	87.8	0.0	673.8	277.0	660.0	291.5	85.3	1.7	1.7	174.2	687.7	499.6	-410.8	485.8	-396.2
18:15:25, Wednesday, April 30, 2025	23.000	1221.0	1067.0	-	87.4	0.0	675.2	276.0	715.0	269.5	85.7	1.7	1.7	174.2	687.7	501.0	-411.7	540.8	-418.2
18:15:25, Wednesday, April 30, 2025	23.171	1215.5	1089.0	-	89.6	0.0	675.4	275.9	665.5	286.0	85.1	1.7	1.7	174.2	687.7	501.3	-411.8	491.3	-401.7
18:15:25, Wednesday, April 30, 2025	23.328	1237.5	1072.5	-	86.7	0.0	675.0	276.1	671.0	291.5	85.5	1.7	1.7	174.2	687.7	500.9	-411.7	496.8	-396.2
18:15:25, Wednesday, April 30, 2025	23.500	1221.0	1078.0	-	88.3	0.0	674.8	276.6	704.0	286.0	85.5	1.7	1.7	174.2	687.7	500.7	-411.1	529.8	-401.7
18:15:25, Wednesday, April 30, 2025	23.671	1221.0	1078.0	-	88.3	0.0	675.1	276.6	621.5	275.0	85.4	1.7	1.7	174.2	687.7	500.9	-411.1	447.3	-412.7
18:15:25, Wednesday, April 30, 2025	23.843	1232.0	1067.0	-	86.6	0.0	674.7	276.9	676.5	319.0	85.5	1.8	1.7	174.2	687.7	500.5	-410.8	502.3	-368.7
18:15:26, Wednesday, April 30, 2025	24.015	1232.0	1072.5	-	87.1	0.0	675.0	277.0	665.5	286.0	85.9	1.7	1.7	174.2	687.7	500.8	-410.8	491.3	-401.7
18:15:26, Wednesday, April 30, 2025	24.187	1226.5	1078.0	-	87.9	0.0	674.4	276.7	709.5	242.0	85.3	1.7	1.7	174.2	687.7	500.2	-411.1	535.3	-445.7
18:15:26, Wednesday, April 30, 2025	24.375	1226.5	1072.5	-	87.4	0.0	673.9	277.1	676.5	236.5	85.8	1.7	1.7	174.2	687.7	499.7	-410.6	502.3	-451.2
18:15:26, Wednesday, April 30, 2025	24.546	1226.5	1078.0	-	87.9	0.0	674.7	276.4	671.0	258.5	85.3	1.7	1.7	174.2	687.7	500.6	-411.3	496.8	-429.2
18:15:26, Wednesday, April 30, 2025	24.718	1226.5	1078.0	-	87.9	0.0	675.1	276.4	715.0	269.5	85.7	1.7	1.7	174.2	687.7	500.9	-411.4	540.8	-418.2
18:15:27, Wednesday, April 30, 2025	24.890	1221.0	1078.0	-	88.3	0.0	675.2	275.5	671.0	308.0	85.5	1.7	1.7	174.2	687.7	501.1	-412.2	496.8	-379.7
18:15:27, Wednesday, April 30, 2025	25.062	1215.5	1072.5	-	88.2	0.0	676.3	276.2	665.5	242.0	85.8	1.7	1.7	174.2	687.7	502.1	-411.5	491.3	-445.7
18:15:27, Wednesday, April 30, 2025	25.250	1243.0	1072.5	-	86.3	0.0	675.2	277.0	671.0	258.5	85.3	1.7	1.7	174.2	687.7	501.1	-410.8	496.8	-429.2
18:15:27, Wednesday, April 30, 2025	25.421	1226.5	1072.5	-	87.4	0.0	675.4	276.2	671.0	297.0	85.5	1.7	1.7	174.2	687.7	501.2	-411.5	496.8	-390.7
18:15:27, Wednesday, April 30, 2025	25.593	1226.5	1072.5	-	87.4	0.0	674.7	276.7	665.5	297.0	86.1	1.7	1.7	174.2	687.7	500.6	-411.1	491.3	-390.7
18:15:27, Wednesday, April 30, 2025	25.765	1221.0	1078.0	-	88.3	0.0	675.1	276.6	654.5	253.0	85.6	1.7	1.7	174.2	687.7	500.9	-411.1	480.3	-434.7
18:15:28, Wednesday, April 30, 2025	25.937	1226.5	1078.0	-	87.9	0.0	675.0	277.0	671.0	242.0	85.4	1.7	1.7	174.2	687.7	500.8	-410.8	496.8	-445.7
18:15:28, Wednesday, April 30, 2025	26.109	1226.5	1072.5	-	87.4	0.0	674.6	277.0	660.0	258.5	85.5	1.7	1.7	174.2	687.7	500.4	-410.7	485.8	-429.2
18:15:28, Wednesday, April 30, 2025	26.265	1215.5	1083.5	-	89.1	0.0	675.5	277.4	665.5	291.5	85.3	1.7	1.7	174.2	687.7	501.3	-410.3	491.3	-396.2
18:15:28, Wednesday, April 30, 2025	26.421	1232.0	1072.5	-	87.1	0.0	675.2	276.7	704.0	319.0	85.7	1.7	1.7	174.2	687.7	501.0	-411.0	529.8	-368.7
18:15:28, Wednesday, April 30, 2025	26.609	1232.0	1078.0	-	87.5	0.0	675.5	276.2	676.5	236.5	86.0	1.8	1.7	174.2	687.7	501.3	-411.5	502.3	-451.2
18:15:28, Wednesday, April 30, 2025	26.781	1204.5	1078.0	-	89.5	0.0	675.8	276.1	704.0	302.5	85.6	1.7	1.7	174.2	687.7	501.6	-411.6	529.8	-385.2
18:15:29, Wednesday, April 30, 2025	26.953	1237.5	1078.0	-	87.1	0.0	676.2	276.7	671.0	291.5	85.9	1.7	1.7	174.2	687.7	502.0	-411.0	496.8	-396.2
18:15:29, Wednesday, April 30, 2025	27.125	1237.5	1072.5	-	86.7	0.0	675.6	277.3	671.0	242.0	85.7	1.7	1.7	174.2	687.7	501.4	-410.4	496.8	-445.7
18:15:29, Wednesday, April 30, 2025	27.296	1237.5	1072.5	-	86.7	0.0	674.7	277.3	627.0	302.5	85.6	1.8	1.7	174.2	687.7	500.5	-410.4	452.8	-385.2
18:15:29, Wednesday, April 30, 2025	27.468	1226.5	1078.0	-	87.9	0.0	675.0	276.7	665.5	242.0	85.7	1.7	1.7	174.2	687.7	500.8	-411.0	491.3	-445.7
18:15:29, Wednesday, April 30, 2025	27.625	1199.0	1083.5	-	90.4	0.0	675.1	277.2	660.0	258.5	85.5	1.7	1.7	174.2	687.7	501.0	-410.5	485.8	-429.2
18:15:29, Wednesday, April 30, 2025	27.796	1226.5	1078.0	-	87.9	0.0	674.9	277.8	676.5	236.5	85.5	1.7	1.7	174.2	687.7	500.7	-409.9	502.3	-451.2
18:15:30, Wednesday, April 30, 2025	28.000	1237.5	1072.5	-	86.7	0.0	674.4	277.4	665.5	231.0	85.6	1.8	1.7	174.2	687.7	500.2	-410.3	491.3	-456.7
18:15:30, Wednesday, April 30, 2025	28.140	1243.0	1067.0	-	85.8	0.0	674.4	277.7	715.0	269.5	86.0	1.8	1.7	174.2	687.7	500.2	-410.0	540.8	-418.2
18:15:30, Wednesday, April 30, 2025	28.312	1232.0	1072.5	-	87.1	0.0	674.1	277.4	665.5	302.5	85.6	1.8	1.7	174.2	687.7	499.9	-410.4	491.3	-385.2
18:15:30, Wednesday, April 30, 2025	28.468	1215.5	1089.0	-	89.6	0.0	674.2	277.3	638.0	280.5	85.1	1.7	1.7	174.2	687.7	500.0	-410.4	463.8	-407.2
18:15:30, Wednesday, April 30, 2025	28.640	1221.0	1078.0	-	88.3	0.0	674.3	276.9	704.0	258.5	85.4	1.7	1.7	174.2	687.7	500.1	-410.8	529.8	-429.2
18:15:30, Wednesday, April 30, 2025	28.843	1243.0	1072.5	-	86.3	0.0	674.5	276.5	665.5	280.5	85.7	1.7	1.7	174.2	687.7	500.4	-411.2	491.3	-407.2
18:15:31, Wednesday, April 30, 2025	29.015	1221.0	1072.5	-	87.8	0.0	674.5	276.6	676.5	236.5	85.3	1.7	1.7	174.2	687.7	500.3	-411.1	502.3	-451.2
18:15:31, Wednesday, April 30, 2025	29.171	1226.5	1078.0	-	87.9	0.0	674.4	276.0	621.5	269.5	85.4	1.7	1.7	174.2	687.7	500.2	-411.7	447.3	-418.2
18:15:31, Wednesday, April 30, 2025	29.343	1226.5	1078.0	-	87.9	0.0	674.7	275.8	671.0	291.5	85.6	1.7	1.7	174.2	687.7	500.6	-411.9	496.8	-396.2
18:15:31, Wednesday, April 30, 2025	29.515	1221.0	1078.0	-	88.3	0.0	674.9	276.5	654.5	280.5	85.6	1.7	1.7	174.2	687.7	500.7	-411.2	480.3	-407.2
18:15:31, Wednesday, April 30, 2025	29.687	1232.0	1072.5	-	87.1	0.0	674.5	276.4	660.0	324.5	85.6	1.7	1.7	174.2	687.7	500.3	-411.3	485.8	-363.2
18:15:31, Wednesday, April 30, 2025	29.859	1221.0	1072.5	-	87.8	0.0	674.7	276.6	665.5	247.5	85.3	1.7	1.7	174.2	687.7	500.6	-411.1	491.3	-440.2
18:15:32, Wednesday, April 30, 2025	30.031	1232.0	1072.5	-	87.1	0.0	674.8	276.9	621.5	269.5	85.5	1.7	1.7	174.2	687.7	500.6	-410.8	447.3	-418.2
18:15:32, Wednesday, April 30, 2025	30.187	1237.5	1072.5	-	86.7	0.0	675.0	276.8	671.0	302.5	85.7	1.8	1.7	174.2	687.7	500.8	-410.9	496.8	-385.2
18:15:32, Wednesday, April 30, 2025	30.359	1243.0	1067.0	-	85.8	0.0	675.4	276.4	665.5	258.5	85.3	1.7	1.7	174.2	687.7	501.2	-411.3	491.3	-429.2
18:15:32, Wednesday, April 30, 2025	30.515	1243.0	1078.0	-	86.7	0.0	675.2	276.4	660.0	286.0	85.5	1.7	1.7	174.2	687.7	501.0	-411.4	485.8	-401.7
18:15:32, Wednesday, April 30, 2025	30.671	1226.5	1089.0	-	88.8	0.0	675.1	276.5	665.5	286.0	85.2	1.7	1.7	174.2	687.7	501.0	-411.2	491.3	-401.7
18:15:32, Wednesday, April 30, 2025	30.828	1237.5	1089.0	-	88.0	0.0	675.4	276.6	660.0	302.5	85.5	1.8	1.7	174.2	687.7	501.2	-411.2	485.8	-385.2
