Camera Name: Beamage-3.0
Serial Number: 271193
Firmware: 1.70
Description: USB3.0 Beam Profiling Camera
ADC level: 12 bits 
Sampling Rate: 1 / 1 pulse(s)
Total Duration: 0:0:0:30 (DD:HH:MM:SS)
_______________________________________________________________
Date	 Elapsed time(sec)	 dSigma X(um)	 dSigma Y (um)	 Effective Diameter(um)	 Ellipticity(%)	 Orientation(degrees)	 Centroid X(um)	 Centroid y(um)	 Peak X(um)	 Peak Y(um)	 Peak Saturation level(%)	 Peak to Average Ratio X	 Peak to Average Ratio Y	 X Baseline Position	 Y Baseline Position	 Delta Centroid X	 Delta Centroid Y	 Delta Peak X	 Delta Peak Y	  
 17:50:43, Wednesday, April 30, 2025	0.047	1204.5	1122.0	-	93.2	0.0	-373.8	532.6	-319.0	511.5	85.2	1.8	1.8	174.2	687.7	-547.9	-155.1	-493.2	-176.2
17:50:43, Wednesday, April 30, 2025	0.218	1215.5	1127.5	-	92.8	0.0	-373.5	532.7	-341.0	500.5	85.6	1.8	1.7	174.2	687.7	-547.7	-155.0	-515.2	-187.2
17:50:44, Wednesday, April 30, 2025	0.390	1199.0	1122.0	-	93.6	0.0	-373.4	533.1	-335.5	506.0	84.9	1.7	1.7	174.2	687.7	-547.6	-154.6	-509.7	-181.7
17:50:44, Wednesday, April 30, 2025	0.578	1215.5	1127.5	-	92.8	0.0	-373.4	532.9	-390.5	528.0	85.4	1.7	1.8	174.2	687.7	-547.6	-154.8	-564.7	-159.7
17:50:44, Wednesday, April 30, 2025	0.765	1221.0	1127.5	-	92.3	0.0	-373.4	532.9	-418.0	528.0	85.4	1.7	1.8	174.2	687.7	-547.6	-154.9	-592.2	-159.7
17:50:44, Wednesday, April 30, 2025	0.937	1221.0	1122.0	-	91.9	0.0	-373.8	532.9	-335.5	506.0	85.4	1.8	1.7	174.2	687.7	-548.0	-154.9	-509.7	-181.7
17:50:44, Wednesday, April 30, 2025	1.109	1204.5	1127.5	-	93.6	0.0	-373.8	532.7	-368.5	555.5	85.1	1.7	1.8	174.2	687.7	-548.0	-155.0	-542.7	-132.2
17:50:45, Wednesday, April 30, 2025	1.297	1210.0	1122.0	-	92.7	0.0	-373.7	532.7	-412.5	528.0	85.1	1.7	1.8	174.2	687.7	-547.9	-155.0	-586.7	-159.7
17:50:45, Wednesday, April 30, 2025	1.484	1221.0	1116.5	-	91.4	0.0	-373.6	532.8	-385.0	544.5	85.5	1.8	1.7	174.2	687.7	-547.8	-155.0	-559.2	-143.2
17:50:45, Wednesday, April 30, 2025	1.656	1199.0	1122.0	-	93.6	0.0	-373.6	532.7	-390.5	539.0	85.4	1.7	1.7	174.2	687.7	-547.8	-155.0	-564.7	-148.7
17:50:45, Wednesday, April 30, 2025	1.828	1199.0	1122.0	-	93.6	0.0	-373.7	533.0	-352.0	500.5	84.9	1.7	1.8	174.2	687.7	-547.8	-154.7	-526.2	-187.2
17:50:45, Wednesday, April 30, 2025	1.984	1204.5	1122.0	-	93.2	0.0	-373.8	532.4	-390.5	473.0	85.3	1.7	1.7	174.2	687.7	-548.0	-155.3	-564.7	-214.7
17:50:45, Wednesday, April 30, 2025	2.156	1210.0	1122.0	-	92.7	0.0	-373.8	532.6	-324.5	511.5	85.3	1.8	1.7	174.2	687.7	-548.0	-155.2	-498.7	-176.2
17:50:46, Wednesday, April 30, 2025	2.328	1210.0	1127.5	-	93.2	0.0	-374.0	532.8	-390.5	533.5	84.9	1.7	1.8	174.2	687.7	-548.2	-154.9	-564.7	-154.2
17:50:46, Wednesday, April 30, 2025	2.500	1204.5	1133.0	-	94.1	0.0	-374.1	532.6	-379.5	539.0	85.6	1.8	1.8	174.2	687.7	-548.3	-155.1	-553.7	-148.7
17:50:46, Wednesday, April 30, 2025	2.672	1199.0	1122.0	-	93.6	0.0	-374.1	532.4	-396.0	533.5	85.3	1.7	1.8	174.2	687.7	-548.2	-155.4	-570.2	-154.2
17:50:46, Wednesday, April 30, 2025	2.797	1221.0	1127.5	-	92.3	0.0	-374.1	532.6	-407.0	528.0	85.3	1.7	1.8	174.2	687.7	-548.3	-155.2	-581.2	-159.7
17:50:46, Wednesday, April 30, 2025	2.984	1221.0	1127.5	-	92.3	0.0	-374.2	532.6	-412.5	528.0	85.3	1.7	1.8	174.2	687.7	-548.4	-155.2	-586.7	-159.7
17:50:46, Wednesday, April 30, 2025	3.140	1221.0	1122.0	-	91.9	0.0	-374.0	532.7	-341.0	506.0	85.0	1.8	1.7	174.2	687.7	-548.2	-155.0	-515.2	-181.7
17:50:47, Wednesday, April 30, 2025	3.328	1215.5	1127.5	-	92.8	0.0	-374.1	532.5	-401.5	533.5	85.4	1.8	1.8	174.2	687.7	-548.2	-155.3	-575.7	-154.2
17:50:47, Wednesday, April 30, 2025	3.484	1204.5	1122.0	-	93.2	0.0	-374.1	532.8	-385.0	544.5	86.1	1.8	1.8	174.2	687.7	-548.3	-154.9	-559.2	-143.2
17:50:47, Wednesday, April 30, 2025	3.672	1204.5	1116.5	-	92.7	0.0	-374.1	532.8	-390.5	539.0	85.7	1.7	1.8	174.2	687.7	-548.2	-154.9	-564.7	-148.7
17:50:47, Wednesday, April 30, 2025	3.828	1226.5	1133.0	-	92.4	0.0	-374.1	532.9	-412.5	522.5	85.3	1.8	1.8	174.2	687.7	-548.2	-154.8	-586.7	-165.2
17:50:47, Wednesday, April 30, 2025	4.000	1199.0	1127.5	-	94.0	0.0	-374.0	533.1	-363.0	489.5	85.3	1.7	1.8	174.2	687.7	-548.2	-154.7	-537.2	-198.2
17:50:47, Wednesday, April 30, 2025	4.187	1210.0	1122.0	-	92.7	0.0	-374.1	533.0	-401.5	528.0	85.5	1.7	1.8	174.2	687.7	-548.2	-154.8	-575.7	-159.7
17:50:48, Wednesday, April 30, 2025	4.375	1199.0	1127.5	-	94.0	0.0	-374.2	533.6	-368.5	484.0	85.0	1.7	1.8	174.2	687.7	-548.4	-154.1	-542.7	-203.7
17:50:48, Wednesday, April 30, 2025	4.531	1215.5	1122.0	-	92.3	0.0	-374.1	533.3	-390.5	539.0	85.6	1.8	1.8	174.2	687.7	-548.3	-154.4	-564.7	-148.7
17:50:48, Wednesday, April 30, 2025	4.703	1204.5	1122.0	-	93.2	0.0	-373.9	533.3	-390.5	544.5	86.0	1.7	1.7	174.2	687.7	-548.0	-154.4	-564.7	-143.2
17:50:48, Wednesday, April 30, 2025	4.859	1215.5	1122.0	-	92.3	0.0	-373.7	533.3	-346.5	500.5	85.6	1.8	1.7	174.2	687.7	-547.9	-154.5	-520.7	-187.2
17:50:48, Wednesday, April 30, 2025	5.031	1210.0	1116.5	-	92.3	0.0	-373.8	533.3	-341.0	495.0	84.9	1.7	1.7	174.2	687.7	-548.0	-154.5	-515.2	-192.7
17:50:48, Wednesday, April 30, 2025	5.187	1210.0	1127.5	-	93.2	0.0	-373.7	533.4	-390.5	539.0	85.5	1.7	1.8	174.2	687.7	-547.8	-154.3	-564.7	-148.7
17:50:49, Wednesday, April 30, 2025	5.343	1221.0	1127.5	-	92.3	0.0	-374.0	533.4	-319.0	511.5	85.2	1.7	1.7	174.2	687.7	-548.2	-154.4	-493.2	-176.2
17:50:49, Wednesday, April 30, 2025	5.531	1215.5	1127.5	-	92.8	0.0	-374.0	533.1	-401.5	528.0	85.1	1.7	1.8	174.2	687.7	-548.2	-154.6	-575.7	-159.7
17:50:49, Wednesday, April 30, 2025	5.672	1204.5	1127.5	-	93.6	0.0	-374.0	533.4	-385.0	539.0	85.4	1.7	1.8	174.2	687.7	-548.2	-154.4	-559.2	-148.7
17:50:49, Wednesday, April 30, 2025	5.859	1215.5	1127.5	-	92.8	0.0	-373.9	533.4	-368.5	555.5	85.0	1.7	1.7	174.2	687.7	-548.0	-154.3	-542.7	-132.2
17:50:49, Wednesday, April 30, 2025	6.015	1204.5	1122.0	-	93.2	0.0	-374.1	533.7	-390.5	533.5	85.1	1.7	1.8	174.2	687.7	-548.3	-154.1	-564.7	-154.2
17:50:49, Wednesday, April 30, 2025	6.187	1221.0	1133.0	-	92.8	0.0	-374.0	533.7	-319.0	511.5	85.3	1.8	1.8	174.2	687.7	-548.2	-154.1	-493.2	-176.2
17:50:50, Wednesday, April 30, 2025	6.343	1221.0	1122.0	-	91.9	0.0	-374.2	533.4	-346.5	500.5	85.1	1.8	1.8	174.2	687.7	-548.3	-154.4	-520.7	-187.2
17:50:50, Wednesday, April 30, 2025	6.500	1210.0	1133.0	-	93.6	0.0	-374.0	533.5	-412.5	528.0	85.5	1.7	1.8	174.2	687.7	-548.2	-154.3	-586.7	-159.7
17:50:50, Wednesday, April 30, 2025	6.703	1210.0	1122.0	-	92.7	0.0	-373.6	533.5	-341.0	495.0	85.2	1.8	1.7	174.2	687.7	-547.8	-154.2	-515.2	-192.7
17:50:50, Wednesday, April 30, 2025	6.859	1199.0	1122.0	-	93.6	0.0	-373.5	533.5	-407.0	539.0	85.4	1.7	1.7	174.2	687.7	-547.6	-154.2	-581.2	-148.7
17:50:50, Wednesday, April 30, 2025	7.031	1204.5	1133.0	-	94.1	0.0	-373.3	533.4	-390.5	528.0	85.2	1.7	1.8	174.2	687.7	-547.4	-154.3	-564.7	-159.7
17:50:50, Wednesday, April 30, 2025	7.203	1199.0	1116.5	-	93.1	0.0	-373.2	533.6	-401.5	539.0	85.1	1.7	1.7	174.2	687.7	-547.4	-154.2	-575.7	-148.7
17:50:51, Wednesday, April 30, 2025	7.406	1221.0	1127.5	-	92.3	0.0	-373.1	533.2	-385.0	539.0	85.2	1.8	1.7	174.2	687.7	-547.3	-154.6	-559.2	-148.7
17:50:51, Wednesday, April 30, 2025	7.593	1204.5	1122.0	-	93.2	0.0	-373.0	533.2	-412.5	533.5	85.2	1.7	1.7	174.2	687.7	-547.1	-154.5	-586.7	-154.2
17:50:51, Wednesday, April 30, 2025	7.750	1221.0	1127.5	-	92.3	0.0	-373.0	533.2	-390.5	528.0	85.1	1.7	1.7	174.2	687.7	-547.1	-154.5	-564.7	-159.7
17:50:51, Wednesday, April 30, 2025	7.906	1204.5	1122.0	-	93.2	0.0	-373.0	533.0	-379.5	544.5	85.0	1.7	1.7	174.2	687.7	-547.1	-154.7	-553.7	-143.2
17:50:51, Wednesday, April 30, 2025	8.062	1210.0	1127.5	-	93.2	0.0	-372.8	532.9	-324.5	511.5	85.3	1.7	1.7	174.2	687.7	-547.0	-154.9	-498.7	-176.2
17:50:51, Wednesday, April 30, 2025	8.218	1204.5	1127.5	-	93.6	0.0	-373.1	532.9	-341.0	500.5	85.1	1.7	1.7	174.2	687.7	-547.2	-154.8	-515.2	-187.2
17:50:52, Wednesday, April 30, 2025	8.390	1204.5	1122.0	-	93.2	0.0	-373.7	533.1	-385.0	544.5	85.6	1.7	1.7	174.2	687.7	-547.9	-154.6	-559.2	-143.2
17:50:52, Wednesday, April 30, 2025	8.562	1210.0	1133.0	-	93.6	0.0	-373.4	533.4	-412.5	528.0	85.7	1.7	1.7	174.2	687.7	-547.5	-154.3	-586.7	-159.7
17:50:52, Wednesday, April 30, 2025	8.734	1243.0	1127.5	-	90.7	0.0	-373.4	533.4	-335.5	511.5	85.0	1.8	1.8	174.2	687.7	-547.6	-154.3	-509.7	-176.2
17:50:52, Wednesday, April 30, 2025	8.906	1204.5	1127.5	-	93.6	0.0	-373.2	533.0	-385.0	533.5	85.1	1.7	1.7	174.2	687.7	-547.4	-154.8	-559.2	-154.2
17:50:52, Wednesday, April 30, 2025	9.062	1215.5	1127.5	-	92.8	0.0	-373.0	532.7	-385.0	533.5	85.4	1.7	1.7	174.2	687.7	-547.2	-155.0	-559.2	-154.2
17:50:52, Wednesday, April 30, 2025	9.218	1204.5	1127.5	-	93.6	0.0	-373.2	533.0	-341.0	500.5	85.7	1.7	1.8	174.2	687.7	-547.4	-154.7	-515.2	-187.2
17:50:53, Wednesday, April 30, 2025	9.406	1199.0	1127.5	-	94.0	0.0	-373.5	532.9	-346.5	500.5	85.1	1.7	1.7	174.2	687.7	-547.7	-154.8	-520.7	-187.2
17:50:53, Wednesday, April 30, 2025	9.562	1215.5	1122.0	-	92.3	0.0	-373.7	533.1	-412.5	533.5	85.3	1.7	1.7	174.2	687.7	-547.9	-154.7	-586.7	-154.2
17:50:53, Wednesday, April 30, 2025	9.750	1226.5	1122.0	-	91.5	0.0	-373.7	533.1	-412.5	522.5	84.9	1.8	1.7	174.2	687.7	-547.9	-154.6	-586.7	-165.2
17:50:53, Wednesday, April 30, 2025	9.922	1215.5	1127.5	-	92.8	0.0	-373.7	533.0	-385.0	544.5	85.0	1.8	1.7	174.2	687.7	-547.9	-154.8	-559.2	-143.2
17:50:53, Wednesday, April 30, 2025	10.078	1215.5	1122.0	-	92.3	0.0	-373.5	533.1	-346.5	500.5	85.2	1.7	1.7	174.2	687.7	-547.7	-154.6	-520.7	-187.2
17:50:53, Wednesday, April 30, 2025	10.218	1221.0	1127.5	-	92.3	0.0	-373.6	533.0	-401.5	456.5	85.4	1.8	1.7	174.2	687.7	-547.7	-154.7	-575.7	-231.2
17:50:54, Wednesday, April 30, 2025	10.422	1199.0	1133.0	-	94.5	0.0	-373.9	533.3	-368.5	484.0	85.5	1.7	1.8	174.2	687.7	-548.1	-154.4	-542.7	-203.7
17:50:54, Wednesday, April 30, 2025	10.578	1248.5	1122.0	-	89.9	0.0	-372.4	525.5	-346.5	495.0	81.8	1.7	1.7	174.2	687.7	-546.5	-162.3	-520.7	-192.7
17:50:54, Wednesday, April 30, 2025	10.750	1210.0	1127.5	-	93.2	0.0	-374.5	533.2	-346.5	500.5	85.4	1.8	1.8	174.2	687.7	-548.6	-154.5	-520.7	-187.2
17:50:54, Wednesday, April 30, 2025	10.875	1215.5	1127.5	-	92.8	0.0	-374.5	533.0	-401.5	544.5	85.1	1.8	1.8	174.2	687.7	-548.7	-154.8	-575.7	-143.2
17:50:54, Wednesday, April 30, 2025	11.093	1204.5	1127.5	-	93.6	0.0	-374.0	532.9	-401.5	533.5	85.4	1.8	1.8	174.2	687.7	-548.2	-154.9	-575.7	-154.2
17:50:54, Wednesday, April 30, 2025	11.234	1210.0	1116.5	-	92.3	0.0	-373.8	533.0	-412.5	528.0	85.2	1.7	1.7	174.2	687.7	-548.0	-154.7	-586.7	-159.7
17:50:55, Wednesday, April 30, 2025	11.422	1221.0	1122.0	-	91.9	0.0	-373.6	533.1	-335.5	511.5	85.1	1.8	1.7	174.2	687.7	-547.7	-154.6	-509.7	-176.2
17:50:55, Wednesday, April 30, 2025	11.562	1210.0	1122.0	-	92.7	0.0	-373.2	533.0	-324.5	506.0	85.5	1.8	1.7	174.2	687.7	-547.4	-154.8	-498.7	-181.7
17:50:55, Wednesday, April 30, 2025	11.750	1210.0	1122.0	-	92.7	0.0	-373.1	533.0	-368.5	484.0	85.1	1.7	1.7	174.2	687.7	-547.3	-154.8	-542.7	-203.7
17:50:55, Wednesday, April 30, 2025	11.922	1210.0	1122.0	-	92.7	0.0	-372.9	533.0	-374.0	550.0	85.4	1.7	1.8	174.2	687.7	-547.0	-154.7	-548.2	-137.7
17:50:55, Wednesday, April 30, 2025	12.093	1210.0	1122.0	-	92.7	0.0	-372.9	533.0	-319.0	511.5	85.3	1.7	1.7	174.2	687.7	-547.1	-154.7	-493.2	-176.2
17:50:55, Wednesday, April 30, 2025	12.265	1210.0	1122.0	-	92.7	0.0	-372.7	532.8	-390.5	533.5	85.2	1.7	1.7	174.2	687.7	-546.9	-154.9	-564.7	-154.2
17:50:56, Wednesday, April 30, 2025	12.453	1204.5	1122.0	-	93.2	0.0	-372.5	533.1	-335.5	506.0	85.4	1.8	1.8	174.2	687.7	-546.6	-154.6	-509.7	-181.7
17:50:56, Wednesday, April 30, 2025	12.625	1210.0	1127.5	-	93.2	0.0	-372.6	532.9	-385.0	533.5	85.2	1.7	1.7	174.2	687.7	-546.8	-154.8	-559.2	-154.2
17:50:56, Wednesday, April 30, 2025	12.781	1210.0	1116.5	-	92.3	0.0	-372.8	532.7	-390.5	528.0	84.9	1.8	1.8	174.2	687.7	-547.0	-155.0	-564.7	-159.7
17:50:56, Wednesday, April 30, 2025	12.953	1210.0	1127.5	-	93.2	0.0	-372.7	532.5	-374.0	484.0	84.9	1.7	1.8	174.2	687.7	-546.8	-155.2	-548.2	-203.7
17:50:56, Wednesday, April 30, 2025	13.109	1210.0	1127.5	-	93.2	0.0	-372.8	532.7	-363.0	489.5	85.2	1.7	1.8	174.2	687.7	-547.0	-155.1	-537.2	-198.2
17:50:57, Wednesday, April 30, 2025	13.281	1210.0	1116.5	-	92.3	0.0	-373.0	532.9	-390.5	528.0	84.9	1.7	1.7	174.2	687.7	-547.2	-154.9	-564.7	-159.7
17:50:57, Wednesday, April 30, 2025	13.468	1221.0	1127.5	-	92.3	0.0	-373.1	532.9	-368.5	544.5	85.4	1.7	1.7	174.2	687.7	-547.2	-154.8	-542.7	-143.2
17:50:57, Wednesday, April 30, 2025	13.625	1199.0	1127.5	-	94.0	0.0	-373.0	532.7	-346.5	500.5	85.0	1.7	1.7	174.2	687.7	-547.1	-155.1	-520.7	-187.2
17:50:57, Wednesday, April 30, 2025	13.797	1221.0	1127.5	-	92.3	0.0	-372.6	533.1	-390.5	533.5	85.3	1.8	1.7	174.2	687.7	-546.8	-154.6	-564.7	-154.2
17:50:57, Wednesday, April 30, 2025	13.968	1221.0	1122.0	-	91.9	0.0	-372.1	532.8	-390.5	539.0	85.3	1.8	1.8	174.2	687.7	-546.3	-154.9	-564.7	-148.7
17:50:57, Wednesday, April 30, 2025	14.109	1226.5	1127.5	-	91.9	0.0	-372.9	532.7	-412.5	528.0	85.0	1.7	1.7	174.2	687.7	-547.0	-155.1	-586.7	-159.7
17:50:58, Wednesday, April 30, 2025	14.297	1215.5	1127.5	-	92.8	0.0	-372.7	533.2	-379.5	544.5	85.3	1.7	1.7	174.2	687.7	-546.9	-154.6	-553.7	-143.2
17:50:58, Wednesday, April 30, 2025	14.453	1215.5	1127.5	-	92.8	0.0	-372.8	532.8	-401.5	544.5	85.0	1.8	1.8	174.2	687.7	-546.9	-154.9	-575.7	-143.2
17:50:58, Wednesday, April 30, 2025	14.609	1226.5	1122.0	-	91.5	0.0	-372.8	532.8	-341.0	506.0	85.3	1.7	1.7	174.2	687.7	-547.0	-155.0	-515.2	-181.7
17:50:58, Wednesday, April 30, 2025	14.781	1221.0	1127.5	-	92.3	0.0	-372.8	532.5	-407.0	533.5	85.0	1.7	1.8	174.2	687.7	-547.0	-155.3	-581.2	-154.2
17:50:58, Wednesday, April 30, 2025	14.953	1204.5	1133.0	-	94.1	0.0	-373.5	532.2	-396.0	544.5	85.2	1.7	1.8	174.2	687.7	-547.6	-155.5	-570.2	-143.2
17:50:58, Wednesday, April 30, 2025	15.125	1210.0	1122.0	-	92.7	0.0	-373.6	532.3	-368.5	484.0	85.0	1.7	1.7	174.2	687.7	-547.8	-155.4	-542.7	-203.7
17:50:59, Wednesday, April 30, 2025	15.281	1215.5	1116.5	-	91.9	0.0	-373.4	532.2	-379.5	539.0	84.8	1.7	1.7	174.2	687.7	-547.6	-155.5	-553.7	-148.7
17:50:59, Wednesday, April 30, 2025	15.453	1237.5	1122.0	-	90.7	0.0	-373.4	532.0	-412.5	522.5	85.2	1.8	1.7	174.2	687.7	-547.6	-155.7	-586.7	-165.2
17:50:59, Wednesday, April 30, 2025	15.625	1199.0	1122.0	-	93.6	0.0	-373.3	532.2	-401.5	533.5	84.9	1.7	1.7	174.2	687.7	-547.5	-155.5	-575.7	-154.2
17:50:59, Wednesday, April 30, 2025	15.812	1215.5	1133.0	-	93.2	0.0	-373.5	532.3	-401.5	533.5	85.4	1.8	1.7	174.2	687.7	-547.7	-155.4	-575.7	-154.2
17:50:59, Wednesday, April 30, 2025	15.984	1204.5	1122.0	-	93.2	0.0	-373.5	532.6	-390.5	539.0	85.1	1.7	1.8	174.2	687.7	-547.6	-155.1	-564.7	-148.7
17:50:59, Wednesday, April 30, 2025	16.140	1226.5	1122.0	-	91.5	0.0	-373.5	532.5	-379.5	478.5	85.1	1.8	1.7	174.2	687.7	-547.7	-155.2	-553.7	-209.2
17:51:00, Wednesday, April 30, 2025	16.312	1215.5	1122.0	-	92.3	0.0	-373.4	532.8	-352.0	500.5	84.7	1.8	1.7	174.2	687.7	-547.6	-155.0	-526.2	-187.2
17:51:00, Wednesday, April 30, 2025	16.468	1199.0	1122.0	-	93.6	0.0	-373.5	533.0	-401.5	539.0	84.7	1.7	1.7	174.2	687.7	-547.6	-154.8	-575.7	-148.7
17:51:00, Wednesday, April 30, 2025	16.640	1210.0	1133.0	-	93.6	0.0	-373.8	532.6	-407.0	539.0	85.0	1.8	1.8	174.2	687.7	-547.9	-155.2	-581.2	-148.7
17:51:00, Wednesday, April 30, 2025	16.812	1221.0	1122.0	-	91.9	0.0	-374.0	532.2	-368.5	555.5	85.1	1.8	1.8	174.2	687.7	-548.2	-155.5	-542.7	-132.2
17:51:00, Wednesday, April 30, 2025	16.968	1204.5	1127.5	-	93.6	0.0	-374.3	532.3	-363.0	561.0	85.1	1.7	1.8	174.2	687.7	-548.4	-155.4	-537.2	-126.7
17:51:00, Wednesday, April 30, 2025	17.109	1215.5	1127.5	-	92.8	0.0	-374.3	532.5	-412.5	533.5	85.0	1.7	1.8	174.2	687.7	-548.5	-155.3	-586.7	-154.2
17:51:01, Wednesday, April 30, 2025	17.281	1204.5	1122.0	-	93.2	0.0	-373.9	532.9	-396.0	539.0	85.2	1.7	1.7	174.2	687.7	-548.1	-154.9	-570.2	-148.7
17:51:01, Wednesday, April 30, 2025	17.468	1210.0	1127.5	-	93.2	0.0	-373.7	533.6	-401.5	528.0	85.2	1.8	1.7	174.2	687.7	-547.8	-154.2	-575.7	-159.7
17:51:01, Wednesday, April 30, 2025	17.625	1204.5	1127.5	-	93.6	0.0	-373.5	533.6	-390.5	539.0	84.8	1.7	1.8	174.2	687.7	-547.7	-154.1	-564.7	-148.7
17:51:01, Wednesday, April 30, 2025	17.765	1215.5	1122.0	-	92.3	0.0	-373.8	533.6	-407.0	533.5	85.2	1.8	1.7	174.2	687.7	-547.9	-154.1	-581.2	-154.2
17:51:01, Wednesday, April 30, 2025	17.937	1204.5	1122.0	-	93.2	0.0	-373.9	532.9	-396.0	544.5	85.1	1.7	1.8	174.2	687.7	-548.0	-154.9	-570.2	-143.2
17:51:01, Wednesday, April 30, 2025	18.093	1199.0	1127.5	-	94.0	0.0	-373.6	533.0	-385.0	533.5	85.0	1.7	1.7	174.2	687.7	-547.8	-154.8	-559.2	-154.2
17:51:01, Wednesday, April 30, 2025	18.265	1210.0	1122.0	-	92.7	0.0	-373.3	532.9	-407.0	528.0	85.3	1.8	1.8	174.2	687.7	-547.4	-154.9	-581.2	-159.7
17:51:02, Wednesday, April 30, 2025	18.437	1215.5	1116.5	-	91.9	0.0	-372.9	532.3	-385.0	533.5	85.1	1.7	1.7	174.2	687.7	-547.1	-155.5	-559.2	-154.2
17:51:02, Wednesday, April 30, 2025	18.609	1210.0	1122.0	-	92.7	0.0	-372.9	532.8	-379.5	473.0	85.2	1.8	1.8	174.2	687.7	-547.1	-155.0	-553.7	-214.7
17:51:02, Wednesday, April 30, 2025	18.781	1215.5	1122.0	-	92.3	0.0	-373.6	533.1	-390.5	539.0	85.0	1.7	1.7	174.2	687.7	-547.7	-154.7	-564.7	-148.7
17:51:02, Wednesday, April 30, 2025	18.968	1204.5	1122.0	-	93.2	0.0	-374.1	533.1	-385.0	539.0	85.3	1.8	1.7	174.2	687.7	-548.2	-154.6	-559.2	-148.7
17:51:02, Wednesday, April 30, 2025	19.109	1215.5	1127.5	-	92.8	0.0	-374.3	533.1	-385.0	473.0	84.9	1.7	1.8	174.2	687.7	-548.5	-154.7	-559.2	-214.7
17:51:03, Wednesday, April 30, 2025	19.297	1193.5	1127.5	-	94.5	0.0	-374.9	533.4	-412.5	522.5	85.4	1.7	1.8	174.2	687.7	-549.0	-154.3	-586.7	-165.2
17:51:03, Wednesday, April 30, 2025	19.468	1204.5	1122.0	-	93.2	0.0	-374.9	533.2	-401.5	528.0	85.0	1.7	1.8	174.2	687.7	-549.1	-154.5	-575.7	-159.7
17:51:03, Wednesday, April 30, 2025	19.625	1210.0	1133.0	-	93.6	0.0	-374.9	533.3	-385.0	467.5	85.1	1.7	1.8	174.2	687.7	-549.0	-154.4	-559.2	-220.2
17:51:03, Wednesday, April 30, 2025	19.781	1221.0	1133.0	-	92.8	0.0	-373.8	532.8	-407.0	533.5	85.1	1.8	1.7	174.2	687.7	-548.0	-155.0	-581.2	-154.2
17:51:03, Wednesday, April 30, 2025	19.953	1210.0	1122.0	-	92.7	0.0	-373.6	533.3	-390.5	533.5	85.2	1.7	1.7	174.2	687.7	-547.8	-154.4	-564.7	-154.2
17:51:03, Wednesday, April 30, 2025	20.093	1210.0	1133.0	-	93.6	0.0	-373.7	533.5	-352.0	495.0	85.2	1.8	1.8	174.2	687.7	-547.9	-154.2	-526.2	-192.7
17:51:03, Wednesday, April 30, 2025	20.281	1193.5	1127.5	-	94.5	0.0	-373.7	533.0	-390.5	539.0	85.2	1.7	1.8	174.2	687.7	-547.9	-154.7	-564.7	-148.7
17:51:04, Wednesday, April 30, 2025	20.468	1199.0	1133.0	-	94.5	0.0	-372.1	533.2	-396.0	533.5	85.3	1.7	1.8	174.2	687.7	-546.2	-154.5	-570.2	-154.2
17:51:04, Wednesday, April 30, 2025	20.640	1221.0	1127.5	-	92.3	0.0	-372.2	533.4	-368.5	555.5	85.4	1.7	1.7	174.2	687.7	-546.4	-154.3	-542.7	-132.2
17:51:04, Wednesday, April 30, 2025	20.812	1204.5	1122.0	-	93.2	0.0	-372.6	534.2	-346.5	500.5	85.3	1.8	1.7	174.2	687.7	-546.8	-153.5	-520.7	-187.2
17:51:04, Wednesday, April 30, 2025	20.984	1199.0	1127.5	-	94.0	0.0	-372.8	534.1	-341.0	495.0	84.7	1.8	1.8	174.2	687.7	-546.9	-153.6	-515.2	-192.7
17:51:04, Wednesday, April 30, 2025	21.156	1204.5	1127.5	-	93.6	0.0	-373.6	534.3	-412.5	533.5	84.9	1.8	1.8	174.2	687.7	-547.7	-153.5	-586.7	-154.2
17:51:05, Wednesday, April 30, 2025	21.312	1199.0	1122.0	-	93.6	0.0	-372.7	534.3	-363.0	555.5	85.2	1.7	1.8	174.2	687.7	-546.9	-153.4	-537.2	-132.2
17:51:05, Wednesday, April 30, 2025	21.500	1199.0	1122.0	-	93.6	0.0	-373.4	534.1	-390.5	528.0	85.3	1.8	1.7	174.2	687.7	-547.6	-153.6	-564.7	-159.7
17:51:05, Wednesday, April 30, 2025	21.656	1210.0	1122.0	-	92.7	0.0	-373.7	534.0	-368.5	555.5	84.9	1.7	1.7	174.2	687.7	-547.9	-153.7	-542.7	-132.2
17:51:05, Wednesday, April 30, 2025	21.828	1199.0	1122.0	-	93.6	0.0	-373.9	533.8	-396.0	539.0	85.3	1.7	1.8	174.2	687.7	-548.0	-154.0	-570.2	-148.7
17:51:05, Wednesday, April 30, 2025	22.000	1193.5	1127.5	-	94.5	0.0	-373.6	533.4	-390.5	544.5	85.4	1.7	1.8	174.2	687.7	-547.8	-154.4	-564.7	-143.2
17:51:05, Wednesday, April 30, 2025	22.156	1199.0	1122.0	-	93.6	0.0	-373.5	533.5	-368.5	550.0	84.9	1.8	1.7	174.2	687.7	-547.7	-154.2	-542.7	-137.7
17:51:06, Wednesday, April 30, 2025	22.297	1215.5	1127.5	-	92.8	0.0	-373.2	533.0	-412.5	528.0	85.0	1.7	1.7	174.2	687.7	-547.3	-154.7	-586.7	-159.7
17:51:06, Wednesday, April 30, 2025	22.468	1193.5	1133.0	-	94.9	0.0	-373.4	532.4	-396.0	533.5	85.6	1.7	1.7	174.2	687.7	-547.5	-155.4	-570.2	-154.2
17:51:06, Wednesday, April 30, 2025	22.625	1215.5	1133.0	-	93.2	0.0	-373.7	532.4	-385.0	544.5	84.8	1.8	1.7	174.2	687.7	-547.9	-155.4	-559.2	-143.2
17:51:06, Wednesday, April 30, 2025	22.797	1210.0	1122.0	-	92.7	0.0	-373.3	533.1	-368.5	484.0	85.5	1.7	1.7	174.2	687.7	-547.5	-154.7	-542.7	-203.7
17:51:06, Wednesday, April 30, 2025	22.984	1199.0	1127.5	-	94.0	0.0	-372.9	532.5	-390.5	473.0	85.2	1.7	1.8	174.2	687.7	-547.1	-155.2	-564.7	-214.7
17:51:06, Wednesday, April 30, 2025	23.156	1215.5	1122.0	-	92.3	0.0	-372.3	533.0	-418.0	522.5	85.1	1.7	1.7	174.2	687.7	-546.5	-154.7	-592.2	-165.2
17:51:07, Wednesday, April 30, 2025	23.312	1210.0	1127.5	-	93.2	0.0	-371.6	533.7	-379.5	544.5	84.8	1.7	1.7	174.2	687.7	-545.7	-154.0	-553.7	-143.2
17:51:07, Wednesday, April 30, 2025	23.468	1215.5	1133.0	-	93.2	0.0	-371.7	534.2	-396.0	539.0	85.1	1.8	1.7	174.2	687.7	-545.8	-153.5	-570.2	-148.7
17:51:07, Wednesday, April 30, 2025	23.656	1210.0	1138.5	-	94.1	0.0	-371.7	534.3	-324.5	506.0	85.4	1.7	1.7	174.2	687.7	-545.9	-153.4	-498.7	-181.7
17:51:07, Wednesday, April 30, 2025	23.797	1204.5	1127.5	-	93.6	0.0	-372.1	533.9	-412.5	528.0	85.1	1.7	1.7	174.2	687.7	-546.3	-153.8	-586.7	-159.7
17:51:07, Wednesday, April 30, 2025	23.984	1204.5	1127.5	-	93.6	0.0	-372.7	533.2	-390.5	544.5	85.7	1.7	1.8	174.2	687.7	-546.8	-154.5	-564.7	-143.2
17:51:07, Wednesday, April 30, 2025	24.156	1204.5	1127.5	-	93.6	0.0	-373.0	533.0	-412.5	522.5	85.3	1.7	1.7	174.2	687.7	-547.2	-154.7	-586.7	-165.2
17:51:08, Wednesday, April 30, 2025	24.297	1215.5	1127.5	-	92.8	0.0	-373.2	533.0	-390.5	528.0	85.1	1.7	1.7	174.2	687.7	-547.4	-154.7	-564.7	-159.7
17:51:08, Wednesday, April 30, 2025	24.468	1210.0	1122.0	-	92.7	0.0	-373.7	533.5	-379.5	550.0	85.2	1.8	1.8	174.2	687.7	-547.9	-154.2	-553.7	-137.7
17:51:08, Wednesday, April 30, 2025	24.640	1204.5	1127.5	-	93.6	0.0	-374.4	533.8	-346.5	495.0	85.2	1.7	1.8	174.2	687.7	-548.6	-153.9	-520.7	-192.7
17:51:08, Wednesday, April 30, 2025	24.812	1204.5	1133.0	-	94.1	0.0	-373.2	534.2	-390.5	539.0	85.4	1.7	1.7	174.2	687.7	-547.4	-153.5	-564.7	-148.7
17:51:08, Wednesday, April 30, 2025	24.968	1215.5	1127.5	-	92.8	0.0	-371.7	532.8	-401.5	528.0	85.1	1.7	1.7	174.2	687.7	-545.9	-154.9	-575.7	-159.7
17:51:08, Wednesday, April 30, 2025	25.125	1210.0	1116.5	-	92.3	0.0	-372.3	532.1	-412.5	528.0	85.1	1.7	1.7	174.2	687.7	-546.5	-155.6	-586.7	-159.7
17:51:09, Wednesday, April 30, 2025	25.297	1204.5	1138.5	-	94.5	0.0	-373.4	532.8	-401.5	533.5	85.5	1.7	1.7	174.2	687.7	-547.5	-155.0	-575.7	-154.2
17:51:09, Wednesday, April 30, 2025	25.468	1204.5	1122.0	-	93.2	0.0	-373.4	534.0	-319.0	511.5	85.3	1.7	1.7	174.2	687.7	-547.5	-153.8	-493.2	-176.2
17:51:09, Wednesday, April 30, 2025	25.640	1215.5	1127.5	-	92.8	0.0	-373.6	534.4	-319.0	511.5	85.3	1.8	1.7	174.2	687.7	-547.7	-153.4	-493.2	-176.2
17:51:09, Wednesday, April 30, 2025	25.812	1188.0	1122.0	-	94.4	0.0	-374.3	534.0	-379.5	544.5	86.0	1.7	1.8	174.2	687.7	-548.5	-153.7	-553.7	-143.2
17:51:09, Wednesday, April 30, 2025	25.984	1199.0	1116.5	-	93.1	0.0	-373.4	533.6	-390.5	533.5	85.2	1.7	1.8	174.2	687.7	-547.6	-154.2	-564.7	-154.2
17:51:09, Wednesday, April 30, 2025	26.156	1199.0	1127.5	-	94.0	0.0	-374.1	534.1	-407.0	533.5	85.4	1.8	1.8	174.2	687.7	-548.2	-153.6	-581.2	-154.2
17:51:10, Wednesday, April 30, 2025	26.328	1210.0	1127.5	-	93.2	0.0	-375.0	535.0	-396.0	533.5	85.1	1.8	1.8	174.2	687.7	-549.2	-152.7	-570.2	-154.2
17:51:10, Wednesday, April 30, 2025	26.515	1204.5	1127.5	-	93.6	0.0	-374.8	534.5	-374.0	555.5	85.3	1.7	1.8	174.2	687.7	-549.0	-153.2	-548.2	-132.2
17:51:10, Wednesday, April 30, 2025	26.687	1204.5	1127.5	-	93.6	0.0	-374.4	534.1	-319.0	511.5	85.6	1.8	1.8	174.2	687.7	-548.5	-153.6	-493.2	-176.2
17:51:10, Wednesday, April 30, 2025	26.843	1215.5	1133.0	-	93.2	0.0	-376.2	534.5	-385.0	539.0	85.4	1.7	1.8	174.2	687.7	-550.4	-153.3	-559.2	-148.7
17:51:10, Wednesday, April 30, 2025	27.015	1199.0	1133.0	-	94.5	0.0	-373.6	533.5	-368.5	484.0	85.1	1.7	1.8	174.2	687.7	-547.7	-154.2	-542.7	-203.7
17:51:10, Wednesday, April 30, 2025	27.187	1204.5	1127.5	-	93.6	0.0	-373.7	532.4	-418.0	528.0	85.0	1.7	1.8	174.2	687.7	-547.9	-155.4	-592.2	-159.7
17:51:11, Wednesday, April 30, 2025	27.375	1199.0	1122.0	-	93.6	0.0	-373.5	534.4	-379.5	544.5	85.6	1.8	1.7	174.2	687.7	-547.7	-153.4	-553.7	-143.2
17:51:11, Wednesday, April 30, 2025	27.562	1215.5	1127.5	-	92.8	0.0	-373.9	533.8	-401.5	533.5	85.7	1.8	1.7	174.2	687.7	-548.1	-153.9	-575.7	-154.2
17:51:11, Wednesday, April 30, 2025	27.718	1215.5	1122.0	-	92.3	0.0	-373.7	533.3	-407.0	528.0	85.6	1.7	1.7	174.2	687.7	-547.9	-154.5	-581.2	-159.7
17:51:11, Wednesday, April 30, 2025	27.875	1199.0	1127.5	-	94.0	0.0	-373.0	533.3	-385.0	539.0	85.3	1.7	1.8	174.2	687.7	-547.2	-154.4	-559.2	-148.7
17:51:11, Wednesday, April 30, 2025	28.047	1210.0	1127.5	-	93.2	0.0	-374.4	533.7	-401.5	544.5	85.1	1.7	1.8	174.2	687.7	-548.5	-154.0	-575.7	-143.2
17:51:11, Wednesday, April 30, 2025	28.218	1199.0	1127.5	-	94.0	0.0	-375.6	533.5	-379.5	539.0	85.6	1.7	1.8	174.2	687.7	-549.8	-154.2	-553.7	-148.7
17:51:12, Wednesday, April 30, 2025	28.375	1204.5	1127.5	-	93.6	0.0	-377.8	534.1	-407.0	533.5	85.5	1.7	1.8	174.2	687.7	-552.0	-153.6	-581.2	-154.2
17:51:12, Wednesday, April 30, 2025	28.547	1193.5	1122.0	-	94.0	0.0	-372.5	534.8	-390.5	544.5	85.2	1.7	1.7	174.2	687.7	-546.7	-152.9	-564.7	-143.2
17:51:12, Wednesday, April 30, 2025	28.703	1210.0	1116.5	-	92.3	0.0	-372.8	533.5	-324.5	506.0	85.2	1.8	1.7	174.2	687.7	-546.9	-154.2	-498.7	-181.7
17:51:12, Wednesday, April 30, 2025	28.875	1204.5	1127.5	-	93.6	0.0	-372.6	532.7	-407.0	522.5	84.9	1.7	1.7	174.2	687.7	-546.8	-155.0	-581.2	-165.2
17:51:12, Wednesday, April 30, 2025	29.062	1221.0	1133.0	-	92.8	0.0	-372.6	532.6	-385.0	544.5	85.2	1.7	1.7	174.2	687.7	-546.8	-155.1	-559.2	-143.2
17:51:12, Wednesday, April 30, 2025	29.234	1193.5	1127.5	-	94.5	0.0	-372.2	533.1	-412.5	522.5	84.9	1.8	1.7	174.2	687.7	-546.4	-154.7	-586.7	-165.2
17:51:13, Wednesday, April 30, 2025	29.406	1188.0	1127.5	-	94.9	0.0	-373.6	534.5	-368.5	484.0	85.1	1.7	1.8	174.2	687.7	-547.8	-153.2	-542.7	-203.7
17:51:13, Wednesday, April 30, 2025	29.562	1210.0	1127.5	-	93.2	0.0	-374.4	534.3	-346.5	500.5	85.3	1.7	1.8	174.2	687.7	-548.6	-153.4	-520.7	-187.2
17:51:13, Wednesday, April 30, 2025	29.703	1193.5	1122.0	-	94.0	0.0	-374.3	534.4	-401.5	533.5	85.0	1.7	1.8	174.2	687.7	-548.5	-153.3	-575.7	-154.2
17:51:13, Wednesday, April 30, 2025	29.890	1188.0	1133.0	-	95.4	0.0	-374.4	534.6	-390.5	539.0	85.5	1.7	1.8	174.2	687.7	-548.6	-153.1	-564.7	-148.7
17:51:13, Wednesday, April 30, 2025	30.047	1204.5	1122.0	-	93.2	0.0	-374.6	534.4	-407.0	528.0	85.2	1.7	1.7	174.2	687.7	-548.8	-153.4	-581.2	-159.7
17:51:13, Wednesday, April 30, 2025	30.234	1210.0	1127.5	-	93.2	0.0	-374.6	534.2	-401.5	528.0	85.4	1.7	1.8	174.2	687.7	-548.8	-153.5	-575.7	-159.7
