Camera Name: Beamage-3.0
Serial Number: 271193
Firmware: 1.70
Description: USB3.0 Beam Profiling Camera
ADC level: 12 bits 
Sampling Rate: 1 / 1 pulse(s)
Total Duration: 0:0:0:30 (DD:HH:MM:SS)
_______________________________________________________________
Date	 Elapsed time(sec)	 dSigma X(um)	 dSigma Y (um)	 Effective Diameter(um)	 Ellipticity(%)	 Orientation(degrees)	 Centroid X(um)	 Centroid y(um)	 Peak X(um)	 Peak Y(um)	 Peak Saturation level(%)	 Peak to Average Ratio X	 Peak to Average Ratio Y	 X Baseline Position	 Y Baseline Position	 Delta Centroid X	 Delta Centroid Y	 Delta Peak X	 Delta Peak Y	  
 14:52:12, Wednesday, April 23, 2025	0.063	2222.0	2035.0	-	91.6	0.0	1127.5	-680.7	1127.5	-616.0	84.4	1.8	1.8	174.2	687.7	953.3	-1368.4	953.3	-1303.7
14:52:13, Wednesday, April 23, 2025	0.266	2277.0	2013.0	-	88.4	0.0	1127.3	-680.2	1127.5	-616.0	84.1	1.8	1.8	174.2	687.7	953.2	-1367.9	953.3	-1303.7
14:52:13, Wednesday, April 23, 2025	0.454	2293.5	2018.5	-	88.0	0.0	1127.3	-680.0	1116.5	-627.0	84.2	1.8	1.8	174.2	687.7	953.1	-1367.8	942.3	-1314.7
14:52:13, Wednesday, April 23, 2025	0.672	2277.0	2040.5	-	89.6	0.0	1127.2	-679.8	1138.5	-671.0	84.3	1.8	1.8	174.2	687.7	953.1	-1367.6	964.3	-1358.7
14:52:13, Wednesday, April 23, 2025	0.844	2293.5	2040.5	-	89.0	0.0	1127.0	-680.3	1133.0	-676.5	84.2	1.8	1.8	174.2	687.7	952.8	-1368.0	958.8	-1364.2
14:52:13, Wednesday, April 23, 2025	1.063	2227.5	2035.0	-	91.4	0.0	1127.0	-680.0	1160.5	-654.5	84.7	1.8	1.8	174.2	687.7	952.9	-1367.7	986.3	-1342.2
14:52:14, Wednesday, April 23, 2025	1.235	2266.0	2024.0	-	89.3	0.0	1127.2	-680.2	1138.5	-671.0	84.5	1.8	1.8	174.2	687.7	953.0	-1367.9	964.3	-1358.7
14:52:14, Wednesday, April 23, 2025	1.454	2222.0	2040.5	-	91.8	0.0	1127.2	-680.8	1067.0	-588.5	84.1	1.8	1.8	174.2	687.7	953.0	-1368.5	892.8	-1276.2
14:52:14, Wednesday, April 23, 2025	1.625	2227.5	2046.0	-	91.9	0.0	1127.3	-680.3	1045.0	-599.5	84.1	1.8	1.8	174.2	687.7	953.1	-1368.1	870.8	-1287.2
14:52:14, Wednesday, April 23, 2025	1.844	2282.5	2035.0	-	89.2	0.0	1127.3	-680.4	1072.5	-594.0	84.0	1.8	1.8	174.2	687.7	953.2	-1368.1	898.3	-1281.7
14:52:14, Wednesday, April 23, 2025	2.032	2227.5	2035.0	-	91.4	0.0	1127.1	-680.7	1116.5	-627.0	84.0	1.8	1.8	174.2	687.7	952.9	-1368.4	942.3	-1314.7
14:52:15, Wednesday, April 23, 2025	2.219	2227.5	2029.5	-	91.1	0.0	1127.0	-680.3	1083.5	-638.0	84.5	1.8	1.8	174.2	687.7	952.9	-1368.0	909.3	-1325.7
14:52:15, Wednesday, April 23, 2025	2.407	2222.0	2040.5	-	91.8	0.0	1127.0	-680.9	1083.5	-632.5	84.3	1.8	1.8	174.2	687.7	952.8	-1368.6	909.3	-1320.2
14:52:15, Wednesday, April 23, 2025	2.610	2293.5	2040.5	-	89.0	0.0	1127.1	-680.6	1094.5	-638.0	84.3	1.8	1.8	174.2	687.7	952.9	-1368.4	920.3	-1325.7
14:52:15, Wednesday, April 23, 2025	2.797	2238.5	2002.0	-	89.4	0.0	1127.1	-680.2	1122.0	-671.0	84.2	1.8	1.8	174.2	687.7	952.9	-1367.9	947.8	-1358.7
14:52:15, Wednesday, April 23, 2025	2.985	2266.0	2040.5	-	90.0	0.0	1127.1	-680.8	1089.0	-643.5	83.9	1.8	1.8	174.2	687.7	952.9	-1368.6	914.8	-1331.2
14:52:15, Wednesday, April 23, 2025	3.172	2233.0	2002.0	-	89.7	0.0	1127.1	-680.1	1050.5	-594.0	84.0	1.8	1.8	174.2	687.7	952.9	-1367.9	876.3	-1281.7
14:52:16, Wednesday, April 23, 2025	3.391	2288.0	2040.5	-	89.2	0.0	1127.1	-680.1	1034.0	-599.5	84.2	1.8	1.8	174.2	687.7	952.9	-1367.9	859.8	-1287.2
14:52:16, Wednesday, April 23, 2025	3.579	2233.0	2040.5	-	91.4	0.0	1127.0	-680.1	1111.0	-627.0	84.8	1.8	1.8	174.2	687.7	952.8	-1367.9	936.8	-1314.7
14:52:16, Wednesday, April 23, 2025	3.766	2227.5	2035.0	-	91.4	0.0	1127.3	-680.4	1039.5	-599.5	83.7	1.8	1.8	174.2	687.7	953.1	-1368.1	865.3	-1287.2
14:52:16, Wednesday, April 23, 2025	3.985	2299.0	2029.5	-	88.3	0.0	1127.2	-680.0	1133.0	-676.5	84.8	1.8	1.8	174.2	687.7	953.0	-1367.8	958.8	-1364.2
14:52:17, Wednesday, April 23, 2025	4.188	2293.5	2018.5	-	88.0	0.0	1127.2	-680.1	1133.0	-671.0	84.1	1.8	1.8	174.2	687.7	953.0	-1367.9	958.8	-1358.7
14:52:17, Wednesday, April 23, 2025	4.391	2277.0	2046.0	-	89.9	0.0	1127.2	-680.2	1089.0	-643.5	84.1	1.8	1.8	174.2	687.7	953.0	-1367.9	914.8	-1331.2
14:52:17, Wednesday, April 23, 2025	4.579	2222.0	2029.5	-	91.3	0.0	1127.2	-680.1	1166.0	-720.5	84.2	1.8	1.8	174.2	687.7	953.0	-1367.8	991.8	-1408.2
14:52:17, Wednesday, April 23, 2025	4.782	2233.0	2057.0	-	92.1	0.0	1127.1	-680.2	1083.5	-638.0	84.1	1.8	1.8	174.2	687.7	952.9	-1368.0	909.3	-1325.7
14:52:17, Wednesday, April 23, 2025	4.969	2299.0	2035.0	-	88.5	0.0	1127.3	-680.2	1061.5	-660.0	84.5	1.8	1.8	174.2	687.7	953.1	-1367.9	887.3	-1347.7
14:52:17, Wednesday, April 23, 2025	5.157	2299.0	2057.0	-	89.5	0.0	1127.2	-680.1	1083.5	-638.0	84.4	1.8	1.8	174.2	687.7	953.1	-1367.8	909.3	-1325.7
14:52:18, Wednesday, April 23, 2025	5.360	2282.5	2035.0	-	89.2	0.0	1127.2	-680.5	1061.5	-594.0	84.2	1.8	1.8	174.2	687.7	953.1	-1368.3	887.3	-1281.7
14:52:18, Wednesday, April 23, 2025	5.563	2304.5	2040.5	-	88.5	0.0	1127.3	-680.6	1138.5	-737.0	84.2	1.8	1.8	174.2	687.7	953.1	-1368.3	964.3	-1424.7
14:52:18, Wednesday, April 23, 2025	5.750	2222.0	2051.5	-	92.3	0.0	1127.1	-680.4	1039.5	-605.0	84.6	1.8	1.8	174.2	687.7	952.9	-1368.2	865.3	-1292.7
14:52:18, Wednesday, April 23, 2025	5.938	2222.0	2040.5	-	91.8	0.0	1127.0	-679.9	1094.5	-572.0	84.4	1.8	1.8	174.2	687.7	952.9	-1367.7	920.3	-1259.7
14:52:18, Wednesday, April 23, 2025	6.141	2277.0	2024.0	-	88.9	0.0	1127.2	-680.4	1039.5	-599.5	84.3	1.8	1.8	174.2	687.7	953.1	-1368.1	865.3	-1287.2
14:52:19, Wednesday, April 23, 2025	6.360	2293.5	2035.0	-	88.7	0.0	1127.2	-680.2	1138.5	-671.0	84.0	1.9	1.8	174.2	687.7	953.1	-1367.9	964.3	-1358.7
14:52:19, Wednesday, April 23, 2025	6.563	2200.0	2035.0	-	92.5	0.0	1127.3	-680.9	1045.0	-599.5	84.8	1.8	1.8	174.2	687.7	953.2	-1368.6	870.8	-1287.2
14:52:19, Wednesday, April 23, 2025	6.766	2233.0	2040.5	-	91.4	0.0	1127.4	-680.1	1138.5	-676.5	84.3	1.8	1.8	174.2	687.7	953.2	-1367.8	964.3	-1364.2
14:52:19, Wednesday, April 23, 2025	6.985	2277.0	2068.0	-	90.8	0.0	1127.0	-680.0	1138.5	-676.5	83.9	1.8	1.8	174.2	687.7	952.8	-1367.7	964.3	-1364.2
14:52:19, Wednesday, April 23, 2025	7.172	2255.0	2051.5	-	91.0	0.0	1127.1	-680.8	1133.0	-676.5	84.1	1.8	1.8	174.2	687.7	952.9	-1368.5	958.8	-1364.2
14:52:20, Wednesday, April 23, 2025	7.360	2238.5	2007.5	-	89.7	0.0	1127.0	-679.7	1056.0	-654.5	84.0	1.8	1.7	174.2	687.7	952.8	-1367.4	881.8	-1342.2
14:52:20, Wednesday, April 23, 2025	7.547	2216.5	2018.5	-	91.1	0.0	1127.1	-679.9	1039.5	-599.5	84.4	1.8	1.8	174.2	687.7	952.9	-1367.7	865.3	-1287.2
14:52:20, Wednesday, April 23, 2025	7.750	2271.5	2046.0	-	90.1	0.0	1127.0	-680.7	1105.5	-693.0	83.7	1.8	1.8	174.2	687.7	952.8	-1368.4	931.3	-1380.7
14:52:20, Wednesday, April 23, 2025	7.938	2233.0	2040.5	-	91.4	0.0	1126.8	-680.4	1133.0	-610.5	84.1	1.8	1.8	174.2	687.7	952.7	-1368.1	958.8	-1298.2
14:52:20, Wednesday, April 23, 2025	8.125	2277.0	2040.5	-	89.6	0.0	1126.9	-680.1	1127.5	-671.0	83.9	1.8	1.8	174.2	687.7	952.7	-1367.9	953.3	-1358.7
14:52:21, Wednesday, April 23, 2025	8.329	2238.5	1996.5	-	89.2	0.0	1126.7	-680.2	1050.5	-654.5	83.7	1.8	1.8	174.2	687.7	952.5	-1367.9	876.3	-1342.2
14:52:21, Wednesday, April 23, 2025	8.516	2277.0	2040.5	-	89.6	0.0	1126.7	-680.5	1072.5	-594.0	84.0	1.8	1.8	174.2	687.7	952.5	-1368.3	898.3	-1281.7
14:52:21, Wednesday, April 23, 2025	8.704	2233.0	2035.0	-	91.1	0.0	1126.6	-680.3	1056.0	-654.5	84.2	1.8	1.8	174.2	687.7	952.5	-1368.1	881.8	-1342.2
14:52:21, Wednesday, April 23, 2025	8.907	2282.5	2024.0	-	88.7	0.0	1126.6	-679.9	1116.5	-627.0	83.9	1.8	1.8	174.2	687.7	952.4	-1367.6	942.3	-1314.7
14:52:21, Wednesday, April 23, 2025	9.094	2288.0	2018.5	-	88.2	0.0	1126.8	-679.9	1083.5	-577.5	83.9	1.8	1.8	174.2	687.7	952.6	-1367.6	909.3	-1265.2
14:52:22, Wednesday, April 23, 2025	9.282	2299.0	2035.0	-	88.5	0.0	1126.8	-680.7	1100.0	-693.0	84.2	1.8	1.8	174.2	687.7	952.6	-1368.4	925.8	-1380.7
14:52:22, Wednesday, April 23, 2025	9.485	2227.5	2013.0	-	90.4	0.0	1126.9	-680.0	1105.5	-693.0	84.3	1.8	1.8	174.2	687.7	952.7	-1367.7	931.3	-1380.7
14:52:22, Wednesday, April 23, 2025	9.688	2304.5	1996.5	-	86.6	0.0	1127.0	-679.8	1116.5	-627.0	83.9	1.8	1.8	174.2	687.7	952.8	-1367.5	942.3	-1314.7
14:52:22, Wednesday, April 23, 2025	9.860	2293.5	2046.0	-	89.2	0.0	1126.9	-680.5	1056.0	-654.5	84.1	1.8	1.8	174.2	687.7	952.7	-1368.2	881.8	-1342.2
14:52:22, Wednesday, April 23, 2025	10.032	2288.0	2051.5	-	89.7	0.0	1127.2	-679.9	1138.5	-610.5	84.2	1.8	1.8	174.2	687.7	953.0	-1367.7	964.3	-1298.2
14:52:23, Wednesday, April 23, 2025	10.250	2293.5	2024.0	-	88.2	0.0	1126.9	-680.8	1089.0	-577.5	84.4	1.8	1.8	174.2	687.7	952.7	-1368.5	914.8	-1265.2
14:52:23, Wednesday, April 23, 2025	10.454	2227.5	2035.0	-	91.4	0.0	1127.0	-680.4	1023.0	-665.5	84.0	1.8	1.8	174.2	687.7	952.8	-1368.1	848.8	-1353.2
14:52:23, Wednesday, April 23, 2025	10.625	2293.5	2040.5	-	89.0	0.0	1126.9	-680.6	1127.5	-616.0	83.9	1.8	1.8	174.2	687.7	952.7	-1368.3	953.3	-1303.7
14:52:23, Wednesday, April 23, 2025	10.813	2299.0	1996.5	-	86.8	0.0	1126.9	-679.8	1056.0	-654.5	84.1	1.8	1.8	174.2	687.7	952.7	-1367.5	881.8	-1342.2
14:52:23, Wednesday, April 23, 2025	11.000	2249.5	2035.0	-	90.5	0.0	1127.0	-680.7	1127.5	-737.0	83.8	1.8	1.8	174.2	687.7	952.8	-1368.4	953.3	-1424.7
14:52:24, Wednesday, April 23, 2025	11.188	2255.0	2013.0	-	89.3	0.0	1127.0	-680.5	1083.5	-698.5	83.9	1.8	1.8	174.2	687.7	952.9	-1368.2	909.3	-1386.2
14:52:24, Wednesday, April 23, 2025	11.391	2233.0	2040.5	-	91.4	0.0	1126.9	-680.4	1056.0	-654.5	84.2	1.8	1.8	174.2	687.7	952.8	-1368.2	881.8	-1342.2
14:52:24, Wednesday, April 23, 2025	11.563	2282.5	1996.5	-	87.5	0.0	1126.9	-680.9	1149.5	-539.0	84.3	1.8	1.8	174.2	687.7	952.7	-1368.6	975.3	-1226.7
14:52:24, Wednesday, April 23, 2025	11.766	2249.5	2029.5	-	90.2	0.0	1127.0	-680.1	1089.0	-577.5	84.3	1.8	1.8	174.2	687.7	952.8	-1367.8	914.8	-1265.2
14:52:24, Wednesday, April 23, 2025	11.969	2216.5	1996.5	-	90.1	0.0	1127.1	-680.0	1017.5	-687.5	84.3	1.8	1.8	174.2	687.7	953.0	-1367.7	843.3	-1375.2
14:52:24, Wednesday, April 23, 2025	12.172	2277.0	2040.5	-	89.6	0.0	1127.0	-680.4	1100.0	-698.5	84.1	1.8	1.8	174.2	687.7	952.8	-1368.2	925.8	-1386.2
14:52:25, Wednesday, April 23, 2025	12.360	2233.0	2029.5	-	90.9	0.0	1127.2	-680.1	1133.0	-676.5	84.1	1.8	1.8	174.2	687.7	953.1	-1367.9	958.8	-1364.2
14:52:25, Wednesday, April 23, 2025	12.547	2299.0	2040.5	-	88.8	0.0	1127.3	-680.7	1133.0	-676.5	84.1	1.8	1.8	174.2	687.7	953.1	-1368.5	958.8	-1364.2
14:52:25, Wednesday, April 23, 2025	12.735	2293.5	2040.5	-	89.0	0.0	1127.5	-680.6	1133.0	-610.5	84.1	1.8	1.8	174.2	687.7	953.3	-1368.3	958.8	-1298.2
14:52:25, Wednesday, April 23, 2025	12.938	2299.0	2035.0	-	88.5	0.0	1127.3	-680.5	1133.0	-676.5	83.8	1.8	1.8	174.2	687.7	953.1	-1368.3	958.8	-1364.2
14:52:25, Wednesday, April 23, 2025	13.110	2299.0	2040.5	-	88.8	0.0	1127.1	-679.8	1133.0	-742.5	84.6	1.8	1.8	174.2	687.7	952.9	-1367.6	958.8	-1430.2
14:52:26, Wednesday, April 23, 2025	13.313	2288.0	2002.0	-	87.5	0.0	1127.2	-680.4	1144.0	-610.5	84.5	1.9	1.8	174.2	687.7	953.1	-1368.1	969.8	-1298.2
14:52:26, Wednesday, April 23, 2025	13.485	2271.5	2029.5	-	89.3	0.0	1127.4	-680.6	1138.5	-610.5	83.7	1.8	1.8	174.2	687.7	953.2	-1368.3	964.3	-1298.2
14:52:26, Wednesday, April 23, 2025	13.672	2277.0	2040.5	-	89.6	0.0	1127.3	-680.7	1138.5	-671.0	84.1	1.8	1.8	174.2	687.7	953.1	-1368.4	964.3	-1358.7
14:52:26, Wednesday, April 23, 2025	13.875	2211.0	2046.0	-	92.5	0.0	1127.3	-679.9	1138.5	-671.0	83.8	1.8	1.8	174.2	687.7	953.2	-1367.6	964.3	-1358.7
14:52:26, Wednesday, April 23, 2025	14.063	2293.5	2024.0	-	88.2	0.0	1127.3	-680.8	1061.5	-588.5	84.6	1.8	1.8	174.2	687.7	953.1	-1368.6	887.3	-1276.2
14:52:27, Wednesday, April 23, 2025	14.250	2293.5	2018.5	-	88.0	0.0	1127.4	-680.7	1138.5	-676.5	84.3	1.8	1.8	174.2	687.7	953.3	-1368.4	964.3	-1364.2
14:52:27, Wednesday, April 23, 2025	14.454	2293.5	2029.5	-	88.5	0.0	1127.5	-680.4	1138.5	-671.0	83.9	1.8	1.8	174.2	687.7	953.3	-1368.1	964.3	-1358.7
14:52:27, Wednesday, April 23, 2025	14.641	2233.0	2018.5	-	90.4	0.0	1127.6	-681.0	1144.0	-671.0	83.9	1.8	1.8	174.2	687.7	953.4	-1368.7	969.8	-1358.7
14:52:27, Wednesday, April 23, 2025	14.844	2282.5	2035.0	-	89.2	0.0	1127.5	-681.4	1045.0	-599.5	83.8	1.8	1.8	174.2	687.7	953.3	-1369.1	870.8	-1287.2
14:52:27, Wednesday, April 23, 2025	15.032	2216.5	2024.0	-	91.3	0.0	1127.6	-681.5	1144.0	-665.5	84.0	1.8	1.8	174.2	687.7	953.4	-1369.2	969.8	-1353.2
14:52:28, Wednesday, April 23, 2025	15.250	2238.5	2035.0	-	90.9	0.0	1127.5	-680.8	1100.0	-616.0	83.8	1.8	1.8	174.2	687.7	953.3	-1368.6	925.8	-1303.7
14:52:28, Wednesday, April 23, 2025	15.438	2282.5	2035.0	-	89.2	0.0	1127.5	-681.1	1133.0	-742.5	84.0	1.8	1.8	174.2	687.7	953.4	-1368.8	958.8	-1430.2
14:52:28, Wednesday, April 23, 2025	15.625	2293.5	2029.5	-	88.5	0.0	1127.3	-681.0	1089.0	-643.5	84.0	1.8	1.8	174.2	687.7	953.1	-1368.7	914.8	-1331.2
14:52:28, Wednesday, April 23, 2025	15.829	2222.0	2018.5	-	90.8	0.0	1127.2	-680.5	1067.0	-594.0	83.9	1.8	1.8	174.2	687.7	953.0	-1368.2	892.8	-1281.7
14:52:28, Wednesday, April 23, 2025	16.032	2271.5	1996.5	-	87.9	0.0	1127.2	-680.4	1017.5	-687.5	83.8	1.8	1.8	174.2	687.7	953.1	-1368.2	843.3	-1375.2
14:52:29, Wednesday, April 23, 2025	16.235	2227.5	2013.0	-	90.4	0.0	1127.2	-680.8	1138.5	-671.0	83.7	1.8	1.8	174.2	687.7	953.1	-1368.5	964.3	-1358.7
14:52:29, Wednesday, April 23, 2025	16.422	2271.5	2062.5	-	90.8	0.0	1127.2	-680.3	1061.5	-594.0	84.1	1.8	1.8	174.2	687.7	953.0	-1368.0	887.3	-1281.7
14:52:29, Wednesday, April 23, 2025	16.594	2293.5	2035.0	-	88.7	0.0	1127.1	-680.6	1083.5	-638.0	83.9	1.8	1.8	174.2	687.7	953.0	-1368.3	909.3	-1325.7
14:52:29, Wednesday, April 23, 2025	16.782	2299.0	2046.0	-	89.0	0.0	1127.3	-679.8	1127.5	-616.0	84.3	1.8	1.8	174.2	687.7	953.1	-1367.5	953.3	-1303.7
14:52:29, Wednesday, April 23, 2025	16.985	2282.5	2035.0	-	89.2	0.0	1127.4	-680.0	1083.5	-638.0	84.4	1.8	1.8	174.2	687.7	953.2	-1367.7	909.3	-1325.7
14:52:29, Wednesday, April 23, 2025	17.172	2293.5	2046.0	-	89.2	0.0	1127.3	-680.7	1023.0	-665.5	84.4	1.8	1.8	174.2	687.7	953.2	-1368.4	848.8	-1353.2
14:52:30, Wednesday, April 23, 2025	17.344	2277.0	2024.0	-	88.9	0.0	1127.1	-680.2	1056.0	-654.5	84.5	1.8	1.8	174.2	687.7	953.0	-1367.9	881.8	-1342.2
14:52:30, Wednesday, April 23, 2025	17.516	2233.0	2040.5	-	91.4	0.0	1127.3	-680.2	1105.5	-693.0	84.2	1.8	1.8	174.2	687.7	953.1	-1367.9	931.3	-1380.7
14:52:30, Wednesday, April 23, 2025	17.719	2277.0	2029.5	-	89.1	0.0	1127.5	-680.1	1138.5	-676.5	83.9	1.8	1.8	174.2	687.7	953.4	-1367.8	964.3	-1364.2
14:52:30, Wednesday, April 23, 2025	17.891	2288.0	2029.5	-	88.7	0.0	1127.4	-680.8	1133.0	-610.5	83.6	1.8	1.8	174.2	687.7	953.2	-1368.6	958.8	-1298.2
14:52:30, Wednesday, April 23, 2025	18.079	2260.5	2046.0	-	90.5	0.0	1127.4	-680.7	1089.0	-577.5	84.4	1.8	1.8	174.2	687.7	953.3	-1368.4	914.8	-1265.2
14:52:31, Wednesday, April 23, 2025	18.282	2266.0	2046.0	-	90.3	0.0	1127.5	-680.4	1138.5	-676.5	84.3	1.8	1.8	174.2	687.7	953.3	-1368.2	964.3	-1364.2
14:52:31, Wednesday, April 23, 2025	18.454	2238.5	1996.5	-	89.2	0.0	1127.6	-680.4	1089.0	-572.0	84.4	1.8	1.8	174.2	687.7	953.4	-1368.2	914.8	-1259.7
14:52:31, Wednesday, April 23, 2025	18.641	2277.0	1996.5	-	87.7	0.0	1127.4	-680.3	1166.0	-649.0	84.0	1.8	1.8	174.2	687.7	953.2	-1368.0	991.8	-1336.7
14:52:31, Wednesday, April 23, 2025	18.829	2299.0	2035.0	-	88.5	0.0	1127.6	-680.2	1056.0	-654.5	84.1	1.8	1.8	174.2	687.7	953.5	-1368.0	881.8	-1342.2
14:52:31, Wednesday, April 23, 2025	19.047	2233.0	2035.0	-	91.1	0.0	1127.6	-680.7	1061.5	-594.0	84.4	1.8	1.8	174.2	687.7	953.4	-1368.4	887.3	-1281.7
14:52:32, Wednesday, April 23, 2025	19.235	2227.5	2024.0	-	90.9	0.0	1127.4	-680.2	1083.5	-638.0	83.9	1.8	1.8	174.2	687.7	953.2	-1367.9	909.3	-1325.7
14:52:32, Wednesday, April 23, 2025	19.438	2304.5	2046.0	-	88.8	0.0	1127.3	-680.2	1023.0	-665.5	84.0	1.8	1.8	174.2	687.7	953.1	-1368.0	848.8	-1353.2
14:52:32, Wednesday, April 23, 2025	19.641	2282.5	2040.5	-	89.4	0.0	1127.6	-680.1	1127.5	-610.5	84.1	1.8	1.8	174.2	687.7	953.5	-1367.8	953.3	-1298.2
14:52:32, Wednesday, April 23, 2025	19.829	2200.0	2040.5	-	92.8	0.0	1127.4	-680.4	1083.5	-632.5	83.7	1.8	1.8	174.2	687.7	953.3	-1368.1	909.3	-1320.2
14:52:32, Wednesday, April 23, 2025	20.032	2282.5	2002.0	-	87.7	0.0	1127.4	-679.8	1045.0	-599.5	84.0	1.8	1.8	174.2	687.7	953.2	-1367.5	870.8	-1287.2
14:52:33, Wednesday, April 23, 2025	20.235	2238.5	2046.0	-	91.4	0.0	1127.6	-680.4	1160.5	-654.5	83.9	1.8	1.8	174.2	687.7	953.4	-1368.1	986.3	-1342.2
14:52:33, Wednesday, April 23, 2025	20.422	2277.0	2029.5	-	89.1	0.0	1127.4	-680.8	1100.0	-698.5	84.0	1.9	1.8	174.2	687.7	953.2	-1368.6	925.8	-1386.2
14:52:33, Wednesday, April 23, 2025	20.610	2227.5	2040.5	-	91.6	0.0	1127.4	-680.4	1089.0	-577.5	84.0	1.8	1.8	174.2	687.7	953.2	-1368.1	914.8	-1265.2
14:52:33, Wednesday, April 23, 2025	20.782	2293.5	2018.5	-	88.0	0.0	1127.4	-680.0	1138.5	-671.0	84.0	1.8	1.8	174.2	687.7	953.2	-1367.7	964.3	-1358.7
14:52:33, Wednesday, April 23, 2025	20.969	2233.0	2024.0	-	90.6	0.0	1127.3	-679.9	1061.5	-660.0	84.0	1.8	1.8	174.2	687.7	953.1	-1367.6	887.3	-1347.7
14:52:33, Wednesday, April 23, 2025	21.157	2310.0	2051.5	-	88.8	0.0	1127.3	-680.3	1012.0	-687.5	83.9	1.8	1.8	174.2	687.7	953.1	-1368.0	837.8	-1375.2
14:52:34, Wednesday, April 23, 2025	21.329	2282.5	2046.0	-	89.6	0.0	1127.1	-680.5	1045.0	-605.0	84.1	1.8	1.8	174.2	687.7	952.9	-1368.2	870.8	-1292.7
14:52:34, Wednesday, April 23, 2025	21.532	2266.0	2051.5	-	90.5	0.0	1127.2	-680.1	1138.5	-676.5	83.9	1.8	1.8	174.2	687.7	953.0	-1367.9	964.3	-1364.2
14:52:34, Wednesday, April 23, 2025	21.704	2227.5	2046.0	-	91.9	0.0	1127.2	-680.3	1083.5	-632.5	84.1	1.8	1.8	174.2	687.7	953.0	-1368.0	909.3	-1320.2
14:52:34, Wednesday, April 23, 2025	21.875	2271.5	2051.5	-	90.3	0.0	1127.3	-679.7	1138.5	-676.5	84.4	1.8	1.8	174.2	687.7	953.2	-1367.4	964.3	-1364.2
14:52:34, Wednesday, April 23, 2025	22.047	2299.0	2046.0	-	89.0	0.0	1127.3	-680.6	1133.0	-676.5	84.2	1.8	1.8	174.2	687.7	953.1	-1368.3	958.8	-1364.2
14:52:35, Wednesday, April 23, 2025	22.219	2216.5	2040.5	-	92.1	0.0	1127.6	-680.4	1133.0	-610.5	84.2	1.8	1.8	174.2	687.7	953.4	-1368.1	958.8	-1298.2
14:52:35, Wednesday, April 23, 2025	22.407	2288.0	2040.5	-	89.2	0.0	1127.5	-680.5	1127.5	-676.5	83.9	1.8	1.8	174.2	687.7	953.3	-1368.2	953.3	-1364.2
14:52:35, Wednesday, April 23, 2025	22.625	2211.0	2035.0	-	92.0	0.0	1127.5	-680.3	1127.5	-610.5	83.8	1.8	1.8	174.2	687.7	953.3	-1368.0	953.3	-1298.2
14:52:35, Wednesday, April 23, 2025	22.797	2233.0	2040.5	-	91.4	0.0	1127.3	-681.1	1072.5	-594.0	84.0	1.8	1.8	174.2	687.7	953.2	-1368.8	898.3	-1281.7
14:52:35, Wednesday, April 23, 2025	23.000	2299.0	2018.5	-	87.8	0.0	1127.3	-680.9	1061.5	-588.5	84.4	1.8	1.8	174.2	687.7	953.2	-1368.6	887.3	-1276.2
14:52:36, Wednesday, April 23, 2025	23.188	2249.5	2035.0	-	90.5	0.0	1127.5	-680.3	1056.0	-654.5	83.7	1.8	1.8	174.2	687.7	953.3	-1368.0	881.8	-1342.2
14:52:36, Wednesday, April 23, 2025	23.375	2227.5	2007.5	-	90.1	0.0	1127.3	-680.2	1045.0	-599.5	83.6	1.8	1.7	174.2	687.7	953.1	-1368.0	870.8	-1287.2
14:52:36, Wednesday, April 23, 2025	23.579	2227.5	2024.0	-	90.9	0.0	1127.4	-680.2	1056.0	-654.5	83.8	1.8	1.8	174.2	687.7	953.2	-1368.0	881.8	-1342.2
14:52:36, Wednesday, April 23, 2025	23.797	2293.5	2040.5	-	89.0	0.0	1127.1	-680.8	1100.0	-698.5	83.9	1.8	1.8	174.2	687.7	953.0	-1368.5	925.8	-1386.2
14:52:36, Wednesday, April 23, 2025	23.985	2222.0	2040.5	-	91.8	0.0	1127.1	-680.4	1116.5	-627.0	83.9	1.8	1.8	174.2	687.7	952.9	-1368.2	942.3	-1314.7
14:52:36, Wednesday, April 23, 2025	24.172	2299.0	2040.5	-	88.8	0.0	1126.9	-680.5	1133.0	-671.0	84.4	1.8	1.8	174.2	687.7	952.8	-1368.2	958.8	-1358.7
14:52:37, Wednesday, April 23, 2025	24.344	2310.0	2024.0	-	87.6	0.0	1127.2	-680.4	1111.0	-627.0	84.0	1.8	1.8	174.2	687.7	953.0	-1368.2	936.8	-1314.7
14:52:37, Wednesday, April 23, 2025	24.516	2310.0	2040.5	-	88.3	0.0	1126.9	-681.0	1127.5	-676.5	83.6	1.8	1.8	174.2	687.7	952.8	-1368.8	953.3	-1364.2
14:52:37, Wednesday, April 23, 2025	24.735	2310.0	2046.0	-	88.6	0.0	1127.0	-680.3	1111.0	-687.5	83.9	1.8	1.8	174.2	687.7	952.8	-1368.0	936.8	-1375.2
14:52:37, Wednesday, April 23, 2025	24.907	2216.5	2040.5	-	92.1	0.0	1126.9	-680.5	1105.5	-627.0	84.2	1.8	1.8	174.2	687.7	952.8	-1368.3	931.3	-1314.7
14:52:37, Wednesday, April 23, 2025	25.141	2238.5	2024.0	-	90.4	0.0	1126.9	-680.9	1127.5	-671.0	83.7	1.8	1.8	174.2	687.7	952.7	-1368.6	953.3	-1358.7
14:52:38, Wednesday, April 23, 2025	25.360	2277.0	2046.0	-	89.9	0.0	1127.1	-680.7	1105.5	-693.0	84.2	1.8	1.8	174.2	687.7	952.9	-1368.5	931.3	-1380.7
14:52:38, Wednesday, April 23, 2025	25.532	2222.0	2040.5	-	91.8	0.0	1127.1	-680.5	1072.5	-638.0	83.9	1.8	1.8	174.2	687.7	952.9	-1368.2	898.3	-1325.7
14:52:38, Wednesday, April 23, 2025	25.735	2293.5	2040.5	-	89.0	0.0	1127.3	-680.3	1034.0	-599.5	84.2	1.8	1.8	174.2	687.7	953.1	-1368.1	859.8	-1287.2
14:52:38, Wednesday, April 23, 2025	25.907	2227.5	2018.5	-	90.6	0.0	1127.3	-680.6	1083.5	-638.0	83.7	1.8	1.8	174.2	687.7	953.1	-1368.4	909.3	-1325.7
14:52:38, Wednesday, April 23, 2025	26.079	2222.0	2018.5	-	90.8	0.0	1127.4	-680.9	1138.5	-676.5	83.8	1.8	1.8	174.2	687.7	953.2	-1368.6	964.3	-1364.2
14:52:39, Wednesday, April 23, 2025	26.266	2233.0	2046.0	-	91.6	0.0	1127.1	-680.5	1089.0	-577.5	84.3	1.8	1.8	174.2	687.7	952.9	-1368.2	914.8	-1265.2
14:52:39, Wednesday, April 23, 2025	26.438	2277.0	2046.0	-	89.9	0.0	1127.0	-679.9	1050.5	-605.0	83.7	1.8	1.8	174.2	687.7	952.8	-1367.6	876.3	-1292.7
14:52:39, Wednesday, April 23, 2025	26.625	2244.0	2035.0	-	90.7	0.0	1127.0	-680.1	1089.0	-572.0	84.0	1.8	1.8	174.2	687.7	952.8	-1367.9	914.8	-1259.7
14:52:39, Wednesday, April 23, 2025	26.797	2222.0	2024.0	-	91.1	0.0	1126.9	-680.6	1089.0	-638.0	84.3	1.8	1.8	174.2	687.7	952.8	-1368.3	914.8	-1325.7
14:52:39, Wednesday, April 23, 2025	26.985	2271.5	2024.0	-	89.1	0.0	1126.9	-681.1	1083.5	-632.5	84.0	1.8	1.8	174.2	687.7	952.7	-1368.8	909.3	-1320.2
14:52:40, Wednesday, April 23, 2025	27.188	2282.5	1996.5	-	87.5	0.0	1126.9	-680.3	1061.5	-594.0	84.1	1.8	1.8	174.2	687.7	952.7	-1368.1	887.3	-1281.7
14:52:40, Wednesday, April 23, 2025	27.375	2277.0	2046.0	-	89.9	0.0	1127.1	-681.1	1089.0	-577.5	83.7	1.8	1.8	174.2	687.7	952.9	-1368.9	914.8	-1265.2
14:52:40, Wednesday, April 23, 2025	27.547	2233.0	2040.5	-	91.4	0.0	1127.0	-680.2	1133.0	-676.5	84.1	1.8	1.8	174.2	687.7	952.9	-1367.9	958.8	-1364.2
14:52:40, Wednesday, April 23, 2025	27.750	2233.0	2040.5	-	91.4	0.0	1127.3	-681.1	1144.0	-671.0	84.1	1.8	1.8	174.2	687.7	953.1	-1368.8	969.8	-1358.7
14:52:40, Wednesday, April 23, 2025	27.938	2277.0	2046.0	-	89.9	0.0	1127.5	-680.7	1083.5	-632.5	84.1	1.8	1.8	174.2	687.7	953.3	-1368.5	909.3	-1320.2
14:52:40, Wednesday, April 23, 2025	28.141	2227.5	2024.0	-	90.9	0.0	1127.7	-680.3	1133.0	-610.5	83.9	1.8	1.8	174.2	687.7	953.5	-1368.1	958.8	-1298.2
14:52:41, Wednesday, April 23, 2025	28.313	2282.5	2029.5	-	88.9	0.0	1127.6	-680.7	1127.5	-610.5	83.8	1.8	1.8	174.2	687.7	953.5	-1368.4	953.3	-1298.2
14:52:41, Wednesday, April 23, 2025	28.532	2299.0	2035.0	-	88.5	0.0	1127.4	-680.7	1199.0	-698.5	83.9	1.8	1.8	174.2	687.7	953.2	-1368.5	1024.8	-1386.2
14:52:41, Wednesday, April 23, 2025	28.704	2233.0	2024.0	-	90.6	0.0	1127.3	-681.1	1012.0	-682.0	84.0	1.8	1.8	174.2	687.7	953.1	-1368.8	837.8	-1369.7
14:52:41, Wednesday, April 23, 2025	28.907	2299.0	2035.0	-	88.5	0.0	1127.3	-680.0	1133.0	-610.5	84.0	1.8	1.8	174.2	687.7	953.1	-1367.7	958.8	-1298.2
14:52:41, Wednesday, April 23, 2025	29.094	2293.5	2024.0	-	88.2	0.0	1127.3	-680.9	1094.5	-638.0	83.8	1.8	1.8	174.2	687.7	953.1	-1368.6	920.3	-1325.7
14:52:42, Wednesday, April 23, 2025	29.266	2299.0	2046.0	-	89.0	0.0	1127.1	-680.9	1083.5	-632.5	83.7	1.8	1.8	174.2	687.7	952.9	-1368.6	909.3	-1320.2
14:52:42, Wednesday, April 23, 2025	29.454	2293.5	2018.5	-	88.0	0.0	1127.3	-681.0	1100.0	-621.5	84.2	1.8	1.8	174.2	687.7	953.1	-1368.7	925.8	-1309.2
14:52:42, Wednesday, April 23, 2025	29.641	2277.0	2035.0	-	89.4	0.0	1127.2	-680.7	1193.5	-638.0	83.8	1.8	1.8	174.2	687.7	953.1	-1368.4	1019.3	-1325.7
14:52:42, Wednesday, April 23, 2025	29.813	2233.0	2029.5	-	90.9	0.0	1127.4	-680.8	1127.5	-742.5	83.8	1.8	1.8	174.2	687.7	953.2	-1368.5	953.3	-1430.2
14:52:42, Wednesday, April 23, 2025	29.985	2227.5	1996.5	-	89.6	0.0	1126.8	-680.6	1083.5	-638.0	83.7	1.8	1.7	174.2	687.7	952.7	-1368.3	909.3	-1325.7
14:52:42, Wednesday, April 23, 2025	30.172	2222.0	2024.0	-	91.1	0.0	1126.9	-681.0	1072.5	-594.0	84.0	1.8	1.8	174.2	687.7	952.8	-1368.7	898.3	-1281.7
