Camera Name: Beamage-3.0
Serial Number: 271193
Firmware: 1.70
Description: USB3.0 Beam Profiling Camera
ADC level: 12 bits 
Sampling Rate: 1 / 1 pulse(s)
Total Duration: 0:0:0:30 (DD:HH:MM:SS)
_______________________________________________________________
Date	 Elapsed time(sec)	 dSigma X(um)	 dSigma Y (um)	 Effective Diameter(um)	 Ellipticity(%)	 Orientation(degrees)	 Centroid X(um)	 Centroid y(um)	 Peak X(um)	 Peak Y(um)	 Peak Saturation level(%)	 Peak to Average Ratio X	 Peak to Average Ratio Y	 X Baseline Position	 Y Baseline Position	 Delta Centroid X	 Delta Centroid Y	 Delta Peak X	 Delta Peak Y	  
 15:17:31, Wednesday, April 23, 2025	0.125	5571.5	5016.0	-	90.0	0.0	1593.4	-5.2	1600.5	-38.5	85.1	1.8	1.8	174.2	687.7	1419.3	-692.9	1426.3	-726.2
15:17:31, Wednesday, April 23, 2025	0.343	5577.0	5021.5	-	90.0	0.0	1593.4	-5.9	1490.5	22.0	85.4	1.9	1.8	174.2	687.7	1419.3	-693.6	1316.3	-665.7
15:17:32, Wednesday, April 23, 2025	0.562	5577.0	5016.0	-	89.9	0.0	1593.0	-4.9	1600.5	-110.0	85.4	1.8	1.8	174.2	687.7	1418.9	-692.6	1426.3	-797.7
15:17:32, Wednesday, April 23, 2025	0.781	5582.5	5016.0	-	89.9	0.0	1592.8	-5.3	1677.5	126.5	85.4	1.8	1.8	174.2	687.7	1418.7	-693.0	1503.3	-561.2
15:17:32, Wednesday, April 23, 2025	1.000	5577.0	5016.0	-	89.9	0.0	1593.7	-5.0	1452.0	55.0	85.2	1.8	1.8	174.2	687.7	1419.5	-692.7	1277.8	-632.7
15:17:32, Wednesday, April 23, 2025	1.187	5582.5	5093.0	-	91.2	0.0	1593.4	-5.6	1490.5	22.0	85.4	1.9	1.8	174.2	687.7	1419.2	-693.3	1316.3	-665.7
15:17:32, Wednesday, April 23, 2025	1.406	5577.0	5054.5	-	90.6	0.0	1594.2	-5.0	1452.0	55.0	85.0	1.8	1.8	174.2	687.7	1420.0	-692.8	1277.8	-632.7
15:17:33, Wednesday, April 23, 2025	1.593	5577.0	5032.5	-	90.2	0.0	1594.0	-6.4	1705.0	-49.5	85.5	1.9	1.8	174.2	687.7	1419.9	-694.1	1530.8	-737.2
15:17:33, Wednesday, April 23, 2025	2.031	5582.5	5032.5	-	90.1	0.0	1593.8	-4.9	1457.5	55.0	85.1	1.8	1.8	174.2	687.7	1419.6	-692.7	1283.3	-632.7
15:17:33, Wednesday, April 23, 2025	2.234	5593.5	5021.5	-	89.8	0.0	1594.3	-6.4	1446.5	55.0	85.4	1.9	1.8	174.2	687.7	1420.2	-694.2	1272.3	-632.7
15:17:33, Wednesday, April 23, 2025	2.406	5577.0	5076.5	-	91.0	0.0	1594.3	-5.4	1457.5	55.0	85.6	1.8	1.8	174.2	687.7	1420.1	-693.1	1283.3	-632.7
15:17:34, Wednesday, April 23, 2025	2.593	5571.5	5054.5	-	90.7	0.0	1593.8	-4.5	1501.5	-44.0	85.2	1.8	1.8	174.2	687.7	1419.6	-692.2	1327.3	-731.7
15:17:34, Wednesday, April 23, 2025	2.781	5687.0	5093.0	-	89.6	0.0	1594.0	-4.3	1639.0	-33.0	85.1	1.8	1.8	174.2	687.7	1419.8	-692.0	1464.8	-720.7
15:17:34, Wednesday, April 23, 2025	2.953	5582.5	5109.5	-	91.5	0.0	1593.9	-4.4	1452.0	55.0	85.4	1.8	1.9	174.2	687.7	1419.8	-692.1	1277.8	-632.7
15:17:34, Wednesday, April 23, 2025	3.125	5577.0	5021.5	-	90.0	0.0	1593.7	-5.3	1639.0	99.0	85.7	1.8	1.8	174.2	687.7	1419.6	-693.0	1464.8	-588.7
15:17:34, Wednesday, April 23, 2025	3.312	5593.5	5021.5	-	89.8	0.0	1593.5	-4.9	1600.5	-104.5	85.4	1.8	1.8	174.2	687.7	1419.3	-692.6	1426.3	-792.2
15:17:34, Wednesday, April 23, 2025	3.468	5577.0	5038.0	-	90.3	0.0	1593.7	-4.8	1710.5	77.0	85.3	1.8	1.8	174.2	687.7	1419.5	-692.6	1536.3	-610.7
15:17:35, Wednesday, April 23, 2025	3.640	5582.5	5060.0	-	90.6	0.0	1593.1	-4.7	1490.5	-49.5	85.5	1.8	1.8	174.2	687.7	1419.0	-692.4	1316.3	-737.2
15:17:35, Wednesday, April 23, 2025	3.796	5588.0	5021.5	-	89.9	0.0	1593.6	-5.3	1694.0	0.0	85.3	1.8	1.8	174.2	687.7	1419.4	-693.0	1519.8	-687.7
15:17:35, Wednesday, April 23, 2025	3.968	5593.5	5027.0	-	89.9	0.0	1593.8	-4.8	1485.0	-49.5	85.6	1.8	1.8	174.2	687.7	1419.6	-692.5	1310.8	-737.2
15:17:35, Wednesday, April 23, 2025	4.140	5582.5	5049.0	-	90.4	0.0	1593.8	-5.5	1606.0	-38.5	85.2	1.9	1.8	174.2	687.7	1419.7	-693.2	1431.8	-726.2
15:17:35, Wednesday, April 23, 2025	4.328	5571.5	5016.0	-	90.0	0.0	1593.7	-5.0	1716.0	71.5	85.5	1.8	1.8	174.2	687.7	1419.6	-692.7	1541.8	-616.2
15:17:36, Wednesday, April 23, 2025	4.500	5582.5	5016.0	-	89.9	0.0	1593.7	-4.8	1468.5	60.5	85.6	1.8	1.9	174.2	687.7	1419.5	-692.5	1294.3	-627.2
15:17:36, Wednesday, April 23, 2025	4.687	5588.0	5016.0	-	89.8	0.0	1593.8	-6.3	1584.0	-115.5	85.7	1.8	1.9	174.2	687.7	1419.6	-694.0	1409.8	-803.2
15:17:36, Wednesday, April 23, 2025	4.859	5588.0	5010.5	-	89.7	0.0	1594.2	-5.3	1496.0	-44.0	85.6	1.8	1.9	174.2	687.7	1420.0	-693.0	1321.8	-731.7
15:17:36, Wednesday, April 23, 2025	5.046	5593.5	5032.5	-	90.0	0.0	1594.1	-5.8	1507.0	-38.5	85.7	1.9	1.8	174.2	687.7	1419.9	-693.5	1332.8	-726.2
15:17:36, Wednesday, April 23, 2025	5.218	5593.5	5032.5	-	90.0	0.0	1594.0	-6.4	1694.0	0.0	85.6	1.8	1.8	174.2	687.7	1419.8	-694.2	1519.8	-687.7
15:17:36, Wednesday, April 23, 2025	5.406	5582.5	5016.0	-	89.9	0.0	1594.0	-6.2	1452.0	60.5	85.5	1.9	1.8	174.2	687.7	1419.8	-693.9	1277.8	-627.2
15:17:37, Wednesday, April 23, 2025	5.593	5593.5	5010.5	-	89.6	0.0	1593.6	-5.1	1677.5	126.5	85.1	1.8	1.8	174.2	687.7	1419.4	-692.8	1503.3	-561.2
15:17:37, Wednesday, April 23, 2025	5.765	5582.5	5060.0	-	90.6	0.0	1593.8	-6.0	1600.5	-99.0	85.3	1.8	1.8	174.2	687.7	1419.6	-693.7	1426.3	-786.7
15:17:37, Wednesday, April 23, 2025	5.953	5588.0	5049.0	-	90.4	0.0	1593.6	-5.5	1452.0	60.5	85.4	1.8	1.8	174.2	687.7	1419.4	-693.2	1277.8	-627.2
15:17:37, Wednesday, April 23, 2025	6.125	5588.0	5021.5	-	89.9	0.0	1593.3	-5.9	1457.5	55.0	85.4	1.8	1.9	174.2	687.7	1419.1	-693.6	1283.3	-632.7
15:17:37, Wednesday, April 23, 2025	6.296	5582.5	5098.5	-	91.3	0.0	1593.6	-5.0	1600.5	-99.0	85.1	1.8	1.8	174.2	687.7	1419.4	-692.8	1426.3	-786.7
15:17:37, Wednesday, April 23, 2025	6.468	5588.0	5115.0	-	91.5	0.0	1593.8	-4.9	1606.0	77.0	85.4	1.8	1.9	174.2	687.7	1419.7	-692.6	1431.8	-610.7
15:17:38, Wednesday, April 23, 2025	6.656	5588.0	5071.0	-	90.7	0.0	1594.0	-5.6	1452.0	60.5	85.2	1.8	1.8	174.2	687.7	1419.8	-693.3	1277.8	-627.2
15:17:38, Wednesday, April 23, 2025	6.828	5687.0	5021.5	-	88.3	0.0	1593.9	-5.3	1650.0	-22.0	85.4	1.8	1.8	174.2	687.7	1419.8	-693.1	1475.8	-709.7
15:17:38, Wednesday, April 23, 2025	7.015	5593.5	5054.5	-	90.4	0.0	1594.1	-5.8	1457.5	60.5	85.2	1.9	1.8	174.2	687.7	1419.9	-693.5	1283.3	-627.2
15:17:38, Wednesday, April 23, 2025	7.218	5593.5	5060.0	-	90.5	0.0	1593.9	-3.7	1655.5	-11.0	85.2	1.8	1.8	174.2	687.7	1419.7	-691.4	1481.3	-698.7
15:17:38, Wednesday, April 23, 2025	7.390	5599.0	5010.5	-	89.5	0.0	1593.8	-5.3	1452.0	55.0	85.2	1.8	1.8	174.2	687.7	1419.6	-693.0	1277.8	-632.7
15:17:39, Wednesday, April 23, 2025	7.562	5588.0	5010.5	-	89.7	0.0	1593.7	-7.1	1589.5	-110.0	85.2	1.9	1.8	174.2	687.7	1419.5	-694.8	1415.3	-797.7
15:17:39, Wednesday, April 23, 2025	7.734	5593.5	5016.0	-	89.7	0.0	1593.4	-5.4	1496.0	-44.0	85.4	1.8	1.9	174.2	687.7	1419.2	-693.1	1321.8	-731.7
15:17:39, Wednesday, April 23, 2025	7.890	5593.5	5016.0	-	89.7	0.0	1593.6	-4.8	1600.5	-99.0	85.1	1.8	1.8	174.2	687.7	1419.4	-692.6	1426.3	-786.7
15:17:39, Wednesday, April 23, 2025	8.062	5582.5	5049.0	-	90.4	0.0	1593.6	-4.4	1600.5	-49.5	85.0	1.8	1.8	174.2	687.7	1419.4	-692.1	1426.3	-737.2
15:17:39, Wednesday, April 23, 2025	8.234	5588.0	5054.5	-	90.5	0.0	1593.5	-5.3	1727.0	-38.5	85.5	1.8	1.8	174.2	687.7	1419.4	-693.0	1552.8	-726.2
15:17:39, Wednesday, April 23, 2025	8.406	5582.5	5016.0	-	89.9	0.0	1593.7	-5.4	1496.0	22.0	85.5	1.8	1.8	174.2	687.7	1419.5	-693.2	1321.8	-665.7
15:17:40, Wednesday, April 23, 2025	8.578	5571.5	5005.0	-	89.8	0.0	1593.8	-3.8	1485.0	-44.0	85.4	1.8	1.8	174.2	687.7	1419.7	-691.5	1310.8	-731.7
15:17:40, Wednesday, April 23, 2025	8.765	5571.5	5049.0	-	90.6	0.0	1593.8	-3.3	1732.5	-38.5	85.4	1.8	1.8	174.2	687.7	1419.6	-691.0	1558.3	-726.2
15:17:40, Wednesday, April 23, 2025	8.937	5577.0	5065.5	-	90.8	0.0	1593.4	-6.0	1600.5	-104.5	85.4	1.9	1.8	174.2	687.7	1419.2	-693.7	1426.3	-792.2
15:17:40, Wednesday, April 23, 2025	9.125	5588.0	5016.0	-	89.8	0.0	1594.0	-6.1	1600.5	-99.0	85.0	1.9	1.8	174.2	687.7	1419.8	-693.8	1426.3	-786.7
15:17:40, Wednesday, April 23, 2025	9.296	5593.5	5016.0	-	89.7	0.0	1593.9	-5.3	1606.0	77.0	85.5	1.8	1.8	174.2	687.7	1419.7	-693.0	1431.8	-610.7
15:17:41, Wednesday, April 23, 2025	9.500	5588.0	5054.5	-	90.5	0.0	1593.8	-5.2	1694.0	-60.5	85.2	1.8	1.8	174.2	687.7	1419.6	-692.9	1519.8	-748.2
15:17:41, Wednesday, April 23, 2025	9.671	5593.5	5060.0	-	90.5	0.0	1593.9	-5.1	1611.5	-104.5	85.1	1.8	1.9	174.2	687.7	1419.7	-692.8	1437.3	-792.2
15:17:41, Wednesday, April 23, 2025	9.843	5582.5	5054.5	-	90.5	0.0	1594.0	-5.5	1496.0	-44.0	85.2	1.8	1.8	174.2	687.7	1419.9	-693.2	1321.8	-731.7
15:17:41, Wednesday, April 23, 2025	10.046	5588.0	5060.0	-	90.6	0.0	1594.0	-4.0	1655.5	99.0	85.6	1.8	1.8	174.2	687.7	1419.8	-691.7	1481.3	-588.7
15:17:41, Wednesday, April 23, 2025	10.218	5593.5	5065.5	-	90.6	0.0	1593.3	-4.9	1650.0	-16.5	85.2	1.8	1.8	174.2	687.7	1419.2	-692.6	1475.8	-704.2
15:17:41, Wednesday, April 23, 2025	10.390	5588.0	5021.5	-	89.9	0.0	1593.2	-5.8	1699.5	5.5	85.2	1.8	1.9	174.2	687.7	1419.1	-693.5	1525.3	-682.2
15:17:42, Wednesday, April 23, 2025	10.578	5588.0	5010.5	-	89.7	0.0	1593.1	-5.8	1485.0	-49.5	85.5	1.9	1.8	174.2	687.7	1418.9	-693.5	1310.8	-737.2
15:17:42, Wednesday, April 23, 2025	10.765	5582.5	5010.5	-	89.8	0.0	1593.8	-6.0	1485.0	-49.5	85.4	1.9	1.8	174.2	687.7	1419.6	-693.8	1310.8	-737.2
15:17:42, Wednesday, April 23, 2025	10.968	5599.0	5104.0	-	91.2	0.0	1594.0	-4.9	1650.0	-88.0	85.0	1.8	1.9	174.2	687.7	1419.9	-692.6	1475.8	-775.7
15:17:42, Wednesday, April 23, 2025	11.140	5571.5	5060.0	-	90.8	0.0	1593.7	-5.8	1710.5	-49.5	85.6	1.8	1.8	174.2	687.7	1419.5	-693.6	1536.3	-737.2
15:17:42, Wednesday, April 23, 2025	11.312	5577.0	5010.5	-	89.8	0.0	1593.7	-3.9	1600.5	-104.5	85.2	1.8	1.8	174.2	687.7	1419.5	-691.7	1426.3	-792.2
15:17:43, Wednesday, April 23, 2025	11.484	5588.0	5043.5	-	90.3	0.0	1593.8	-5.3	1611.5	77.0	85.1	1.8	1.8	174.2	687.7	1419.7	-693.0	1437.3	-610.7
15:17:43, Wednesday, April 23, 2025	11.656	5687.0	5016.0	-	88.2	0.0	1594.0	-5.2	1452.0	60.5	85.8	1.8	1.8	174.2	687.7	1419.8	-692.9	1277.8	-627.2
15:17:43, Wednesday, April 23, 2025	11.812	5588.0	5021.5	-	89.9	0.0	1594.0	-5.5	1655.5	99.0	85.1	1.8	1.8	174.2	687.7	1419.8	-693.2	1481.3	-588.7
15:17:43, Wednesday, April 23, 2025	11.984	5692.5	5027.0	-	88.3	0.0	1593.9	-4.3	1545.5	49.5	85.3	1.8	1.8	174.2	687.7	1419.8	-692.0	1371.3	-638.2
15:17:43, Wednesday, April 23, 2025	12.171	5577.0	5016.0	-	89.9	0.0	1594.0	-4.7	1699.5	11.0	85.7	1.8	1.8	174.2	687.7	1419.8	-692.4	1525.3	-676.7
15:17:43, Wednesday, April 23, 2025	12.328	5577.0	5131.5	-	92.0	0.0	1593.8	-4.6	1485.0	-49.5	85.4	1.8	1.9	174.2	687.7	1419.7	-692.3	1310.8	-737.2
15:17:44, Wednesday, April 23, 2025	12.531	5582.5	5016.0	-	89.9	0.0	1593.7	-5.5	1655.5	-11.0	85.5	1.8	1.8	174.2	687.7	1419.6	-693.2	1481.3	-698.7
15:17:44, Wednesday, April 23, 2025	12.703	5582.5	5016.0	-	89.9	0.0	1593.8	-5.4	1584.0	-55.0	85.4	1.8	1.8	174.2	687.7	1419.6	-693.1	1409.8	-742.7
15:17:44, Wednesday, April 23, 2025	12.859	5588.0	5005.0	-	89.6	0.0	1594.0	-5.2	1485.0	-44.0	85.4	1.9	1.8	174.2	687.7	1419.8	-693.0	1310.8	-731.7
15:17:44, Wednesday, April 23, 2025	13.046	5588.0	5109.5	-	91.4	0.0	1594.0	-5.8	1600.5	-55.0	85.4	1.8	1.9	174.2	687.7	1419.9	-693.5	1426.3	-742.7
15:17:44, Wednesday, April 23, 2025	13.218	5588.0	5060.0	-	90.6	0.0	1593.7	-4.8	1490.5	22.0	85.8	1.8	1.8	174.2	687.7	1419.6	-692.5	1316.3	-665.7
15:17:44, Wednesday, April 23, 2025	13.390	5577.0	5010.5	-	89.8	0.0	1593.9	-5.5	1496.0	-44.0	85.2	1.9	1.8	174.2	687.7	1419.8	-693.3	1321.8	-731.7
15:17:45, Wednesday, April 23, 2025	13.578	5588.0	5010.5	-	89.7	0.0	1594.1	-4.6	1611.5	82.5	85.3	1.8	1.8	174.2	687.7	1419.9	-692.3	1437.3	-605.2
15:17:45, Wednesday, April 23, 2025	13.765	5582.5	5016.0	-	89.9	0.0	1593.9	-5.3	1496.0	-44.0	85.2	1.8	1.8	174.2	687.7	1419.7	-693.1	1321.8	-731.7
15:17:45, Wednesday, April 23, 2025	13.937	5588.0	5054.5	-	90.5	0.0	1593.8	-6.7	1644.5	-16.5	85.3	1.9	1.8	174.2	687.7	1419.7	-694.4	1470.3	-704.2
15:17:45, Wednesday, April 23, 2025	14.109	5676.0	5038.0	-	88.8	0.0	1593.6	-5.1	1727.0	-38.5	85.1	1.8	1.8	174.2	687.7	1419.5	-692.8	1552.8	-726.2
15:17:45, Wednesday, April 23, 2025	14.296	5593.5	5038.0	-	90.1	0.0	1593.8	-4.6	1600.5	-110.0	85.1	1.8	1.8	174.2	687.7	1419.7	-692.4	1426.3	-797.7
15:17:45, Wednesday, April 23, 2025	14.468	5566.0	5016.0	-	90.1	0.0	1593.9	-5.1	1600.5	-104.5	85.5	1.8	1.8	174.2	687.7	1419.7	-692.8	1426.3	-792.2
15:17:46, Wednesday, April 23, 2025	14.625	5593.5	5104.0	-	91.2	0.0	1593.7	-5.2	1655.5	-11.0	84.9	1.8	1.8	174.2	687.7	1419.6	-693.0	1481.3	-698.7
15:17:46, Wednesday, April 23, 2025	14.812	5582.5	5038.0	-	90.2	0.0	1593.7	-6.0	1655.5	99.0	85.7	1.9	1.8	174.2	687.7	1419.5	-693.7	1481.3	-588.7
15:17:46, Wednesday, April 23, 2025	14.984	5582.5	5043.5	-	90.3	0.0	1593.6	-5.6	1650.0	-88.0	85.4	1.9	1.8	174.2	687.7	1419.5	-693.3	1475.8	-775.7
15:17:46, Wednesday, April 23, 2025	15.140	5588.0	5021.5	-	89.9	0.0	1593.8	-6.2	1639.0	-33.0	85.0	1.8	1.8	174.2	687.7	1419.7	-693.9	1464.8	-720.7
15:17:46, Wednesday, April 23, 2025	15.328	5670.5	5043.5	-	88.9	0.0	1593.9	-6.6	1589.5	-104.5	85.2	1.8	1.9	174.2	687.7	1419.8	-694.4	1415.3	-792.2
15:17:47, Wednesday, April 23, 2025	15.515	5577.0	5060.0	-	90.7	0.0	1593.8	-5.1	1595.0	-104.5	85.2	1.8	1.8	174.2	687.7	1419.6	-692.9	1420.8	-792.2
15:17:47, Wednesday, April 23, 2025	15.687	5588.0	5016.0	-	89.8	0.0	1594.0	-4.6	1501.5	-44.0	85.3	1.8	1.8	174.2	687.7	1419.8	-692.3	1327.3	-731.7
15:17:47, Wednesday, April 23, 2025	15.859	5582.5	5021.5	-	90.0	0.0	1593.8	-4.7	1655.5	99.0	85.2	1.8	1.8	174.2	687.7	1419.6	-692.5	1481.3	-588.7
15:17:47, Wednesday, April 23, 2025	16.015	5648.5	5027.0	-	89.0	0.0	1593.9	-3.8	1732.5	-38.5	85.4	1.8	1.8	174.2	687.7	1419.7	-691.5	1558.3	-726.2
15:17:47, Wednesday, April 23, 2025	16.187	5588.0	5010.5	-	89.7	0.0	1593.9	-5.2	1600.5	-44.0	85.6	1.8	1.8	174.2	687.7	1419.7	-693.0	1426.3	-731.7
15:17:47, Wednesday, April 23, 2025	16.375	5588.0	5016.0	-	89.8	0.0	1594.0	-5.8	1600.5	-115.5	85.2	1.9	1.8	174.2	687.7	1419.8	-693.6	1426.3	-803.2
15:17:48, Wednesday, April 23, 2025	16.562	5588.0	5054.5	-	90.5	0.0	1594.1	-5.2	1490.5	22.0	85.4	1.8	1.8	174.2	687.7	1419.9	-692.9	1316.3	-665.7
15:17:48, Wednesday, April 23, 2025	16.734	5582.5	5054.5	-	90.5	0.0	1593.9	-5.2	1600.5	77.0	85.4	1.8	1.8	174.2	687.7	1419.8	-692.9	1426.3	-610.7
15:17:48, Wednesday, April 23, 2025	16.906	5588.0	5016.0	-	89.8	0.0	1593.8	-7.0	1600.5	-55.0	85.4	1.8	1.8	174.2	687.7	1419.7	-694.7	1426.3	-742.7
15:17:48, Wednesday, April 23, 2025	17.078	5588.0	5054.5	-	90.5	0.0	1594.1	-5.0	1446.5	55.0	85.3	1.8	1.8	174.2	687.7	1420.0	-692.8	1272.3	-632.7
15:17:48, Wednesday, April 23, 2025	17.234	5571.5	5115.0	-	91.8	0.0	1593.7	-4.8	1600.5	-49.5	85.4	1.8	1.9	174.2	687.7	1419.5	-692.6	1426.3	-737.2
15:17:48, Wednesday, April 23, 2025	17.406	5588.0	5098.5	-	91.2	0.0	1593.5	-4.9	1435.5	49.5	85.7	1.8	1.8	174.2	687.7	1419.3	-692.6	1261.3	-638.2
15:17:49, Wednesday, April 23, 2025	17.593	5588.0	5021.5	-	89.9	0.0	1593.3	-4.8	1457.5	60.5	85.6	1.8	1.8	174.2	687.7	1419.1	-692.5	1283.3	-627.2
15:17:49, Wednesday, April 23, 2025	17.781	5588.0	5016.0	-	89.8	0.0	1593.7	-5.5	1468.5	60.5	85.6	1.9	1.8	174.2	687.7	1419.5	-693.3	1294.3	-627.2
15:17:49, Wednesday, April 23, 2025	17.953	5588.0	5060.0	-	90.6	0.0	1593.5	-6.1	1600.5	-55.0	85.3	1.9	1.8	174.2	687.7	1419.3	-693.8	1426.3	-742.7
15:17:49, Wednesday, April 23, 2025	18.140	5588.0	5010.5	-	89.7	0.0	1593.5	-6.4	1650.0	-22.0	85.8	1.8	1.8	174.2	687.7	1419.3	-694.1	1475.8	-709.7
15:17:49, Wednesday, April 23, 2025	18.312	5571.5	5076.5	-	91.1	0.0	1593.7	-5.7	1347.5	-60.5	85.7	1.8	1.9	174.2	687.7	1419.5	-693.5	1173.3	-748.2
15:17:50, Wednesday, April 23, 2025	18.484	5681.5	5054.5	-	89.0	0.0	1593.4	-6.1	1441.0	49.5	85.5	1.8	1.8	174.2	687.7	1419.3	-693.8	1266.8	-638.2
15:17:50, Wednesday, April 23, 2025	18.671	5593.5	5021.5	-	89.8	0.0	1593.5	-4.7	1545.5	49.5	85.7	1.8	1.8	174.2	687.7	1419.4	-692.4	1371.3	-638.2
15:17:50, Wednesday, April 23, 2025	18.843	5582.5	5043.5	-	90.3	0.0	1593.5	-4.5	1606.0	-110.0	85.8	1.8	1.8	174.2	687.7	1419.3	-692.3	1431.8	-797.7
15:17:50, Wednesday, April 23, 2025	19.000	5588.0	5038.0	-	90.2	0.0	1592.7	-4.3	1496.0	-44.0	85.5	1.8	1.8	174.2	687.7	1418.5	-692.1	1321.8	-731.7
15:17:50, Wednesday, April 23, 2025	19.171	5593.5	5049.0	-	90.3	0.0	1593.4	-4.8	1551.0	49.5	85.7	1.8	1.8	174.2	687.7	1419.2	-692.5	1376.8	-638.2
15:17:50, Wednesday, April 23, 2025	19.343	5593.5	5049.0	-	90.3	0.0	1593.2	-5.2	1600.5	-38.5	85.3	1.8	1.8	174.2	687.7	1419.0	-692.9	1426.3	-726.2
15:17:51, Wednesday, April 23, 2025	19.515	5582.5	5016.0	-	89.9	0.0	1592.8	-5.6	1699.5	5.5	84.9	1.9	1.8	174.2	687.7	1418.6	-693.3	1525.3	-682.2
15:17:51, Wednesday, April 23, 2025	19.718	5593.5	5027.0	-	89.9	0.0	1593.3	-5.2	1457.5	66.0	85.8	1.8	1.8	174.2	687.7	1419.1	-692.9	1283.3	-621.7
15:17:51, Wednesday, April 23, 2025	19.875	5571.5	5065.5	-	90.9	0.0	1593.6	-6.3	1518.0	33.0	85.7	1.8	1.8	174.2	687.7	1419.5	-694.1	1343.8	-654.7
15:17:51, Wednesday, April 23, 2025	20.046	5582.5	5049.0	-	90.4	0.0	1593.8	-5.0	1501.5	-38.5	85.6	1.8	1.9	174.2	687.7	1419.6	-692.7	1327.3	-726.2
15:17:51, Wednesday, April 23, 2025	20.218	5582.5	5010.5	-	89.8	0.0	1593.4	-4.4	1655.5	110.0	85.4	1.8	1.8	174.2	687.7	1419.2	-692.1	1481.3	-577.7
15:17:51, Wednesday, April 23, 2025	20.375	5588.0	5071.0	-	90.7	0.0	1593.2	-5.0	1606.0	-110.0	85.4	1.8	1.9	174.2	687.7	1419.1	-692.7	1431.8	-797.7
15:17:52, Wednesday, April 23, 2025	20.531	5582.5	5038.0	-	90.2	0.0	1593.0	-5.6	1562.0	55.0	85.6	1.8	1.8	174.2	687.7	1418.8	-693.4	1387.8	-632.7
15:17:52, Wednesday, April 23, 2025	20.734	5571.5	5065.5	-	90.9	0.0	1593.4	-5.5	1606.0	-110.0	85.6	1.9	1.8	174.2	687.7	1419.2	-693.2	1431.8	-797.7
15:17:52, Wednesday, April 23, 2025	20.890	5566.0	5049.0	-	90.7	0.0	1593.1	-4.8	1639.0	-33.0	85.5	1.8	1.8	174.2	687.7	1419.0	-692.5	1464.8	-720.7
15:17:52, Wednesday, April 23, 2025	21.062	5593.5	5032.5	-	90.0	0.0	1592.9	-5.2	1452.0	55.0	85.4	1.8	1.8	174.2	687.7	1418.7	-693.0	1277.8	-632.7
15:17:52, Wednesday, April 23, 2025	21.218	5577.0	5054.5	-	90.6	0.0	1593.2	-5.4	1589.5	-110.0	85.3	1.8	1.9	174.2	687.7	1419.0	-693.1	1415.3	-797.7
15:17:52, Wednesday, April 23, 2025	21.406	5582.5	5043.5	-	90.3	0.0	1593.6	-4.8	1446.5	55.0	85.6	1.8	1.8	174.2	687.7	1419.4	-692.5	1272.3	-632.7
15:17:53, Wednesday, April 23, 2025	21.593	5582.5	5076.5	-	90.9	0.0	1593.9	-5.1	1595.0	-49.5	85.5	1.8	1.9	174.2	687.7	1419.7	-692.9	1420.8	-737.2
15:17:53, Wednesday, April 23, 2025	21.781	5588.0	5038.0	-	90.2	0.0	1593.4	-3.5	1606.0	77.0	85.4	1.8	1.8	174.2	687.7	1419.2	-691.2	1431.8	-610.7
15:17:53, Wednesday, April 23, 2025	21.968	5593.5	5010.5	-	89.6	0.0	1593.6	-4.9	1457.5	55.0	85.5	1.8	1.8	174.2	687.7	1419.4	-692.6	1283.3	-632.7
15:17:53, Wednesday, April 23, 2025	22.140	5588.0	5049.0	-	90.4	0.0	1594.0	-5.6	1485.0	-49.5	85.7	1.8	1.8	174.2	687.7	1419.8	-693.3	1310.8	-737.2
15:17:53, Wednesday, April 23, 2025	22.296	5588.0	5010.5	-	89.7	0.0	1593.7	-5.4	1655.5	104.5	85.5	1.8	1.8	174.2	687.7	1419.5	-693.2	1481.3	-583.2
15:17:54, Wednesday, April 23, 2025	22.484	5670.5	5016.0	-	88.5	0.0	1593.4	-5.7	1485.0	-49.5	85.4	1.9	1.8	174.2	687.7	1419.3	-693.4	1310.8	-737.2
15:17:54, Wednesday, April 23, 2025	22.671	5577.0	5010.5	-	89.8	0.0	1594.2	-6.4	1485.0	-49.5	85.1	1.8	1.8	174.2	687.7	1420.1	-694.2	1310.8	-737.2
15:17:54, Wednesday, April 23, 2025	22.843	5588.0	5043.5	-	90.3	0.0	1593.4	-4.4	1650.0	-22.0	85.2	1.8	1.8	174.2	687.7	1419.2	-692.1	1475.8	-709.7
15:17:54, Wednesday, April 23, 2025	23.046	5593.5	5054.5	-	90.4	0.0	1594.2	-5.8	1402.5	88.0	85.2	1.8	1.8	174.2	687.7	1420.1	-693.6	1228.3	-599.7
15:17:54, Wednesday, April 23, 2025	23.203	5571.5	5010.5	-	89.9	0.0	1593.5	-4.5	1848.0	-38.5	85.1	1.8	1.8	174.2	687.7	1419.3	-692.2	1673.8	-726.2
15:17:54, Wednesday, April 23, 2025	23.375	5593.5	5016.0	-	89.7	0.0	1593.4	-5.4	1468.5	60.5	85.4	1.8	1.8	174.2	687.7	1419.2	-693.1	1294.3	-627.2
15:17:55, Wednesday, April 23, 2025	23.546	5571.5	5021.5	-	90.1	0.0	1594.3	-5.9	1584.0	-60.5	85.5	1.8	1.8	174.2	687.7	1420.1	-693.6	1409.8	-748.2
15:17:55, Wednesday, April 23, 2025	23.750	5692.5	5021.5	-	88.2	0.0	1596.4	-5.0	1798.5	60.5	85.6	1.8	1.9	174.2	687.7	1422.2	-692.8	1624.3	-627.2
15:17:55, Wednesday, April 23, 2025	23.921	5588.0	5021.5	-	89.9	0.0	1597.2	-5.5	1584.0	-60.5	85.3	1.8	1.8	174.2	687.7	1423.0	-693.2	1409.8	-748.2
15:17:55, Wednesday, April 23, 2025	24.093	5582.5	5021.5	-	90.0	0.0	1595.2	-5.6	1562.0	49.5	85.5	1.9	1.9	174.2	687.7	1421.1	-693.3	1387.8	-638.2
15:17:55, Wednesday, April 23, 2025	24.281	5577.0	5021.5	-	90.0	0.0	1595.3	-5.6	1677.5	126.5	85.2	1.9	1.8	174.2	687.7	1421.1	-693.3	1503.3	-561.2
15:17:55, Wednesday, April 23, 2025	24.437	5588.0	5071.0	-	90.7	0.0	1597.0	-5.4	1710.5	-49.5	85.1	1.8	1.9	174.2	687.7	1422.8	-693.2	1536.3	-737.2
15:17:56, Wednesday, April 23, 2025	24.625	5582.5	5010.5	-	89.8	0.0	1595.8	-6.6	1600.5	-104.5	85.2	1.9	1.9	174.2	687.7	1421.6	-694.3	1426.3	-792.2
15:17:56, Wednesday, April 23, 2025	24.812	5571.5	5054.5	-	90.7	0.0	1593.4	-5.9	1501.5	-38.5	85.1	1.8	1.8	174.2	687.7	1419.3	-693.7	1327.3	-726.2
15:17:56, Wednesday, April 23, 2025	25.000	5566.0	5010.5	-	90.0	0.0	1589.4	-6.6	1589.5	-104.5	85.5	1.9	1.8	174.2	687.7	1415.2	-694.3	1415.3	-792.2
15:17:56, Wednesday, April 23, 2025	25.187	5566.0	5054.5	-	90.8	0.0	1589.6	-6.1	1364.0	-220.0	85.5	1.9	1.8	174.2	687.7	1415.4	-693.9	1189.8	-907.7
15:17:56, Wednesday, April 23, 2025	25.359	5577.0	5005.0	-	89.7	0.0	1591.4	-7.9	1611.5	-27.5	85.3	1.9	1.9	174.2	687.7	1417.2	-695.6	1437.3	-715.2
15:17:57, Wednesday, April 23, 2025	25.562	5577.0	5016.0	-	89.9	0.0	1591.5	-4.5	1710.5	77.0	85.2	1.9	1.9	174.2	687.7	1417.3	-692.2	1536.3	-610.7
15:17:57, Wednesday, April 23, 2025	25.734	5643.0	5076.5	-	90.0	0.0	1486.3	-4.4	1474.0	-22.0	81.5	1.8	1.8	174.2	687.7	1312.1	-692.2	1299.8	-709.7
15:17:57, Wednesday, April 23, 2025	25.890	5566.0	5082.0	-	91.3	0.0	1497.5	-4.8	1562.0	-126.5	84.9	1.9	1.9	174.2	687.7	1323.3	-692.6	1387.8	-814.2
15:17:57, Wednesday, April 23, 2025	26.078	5615.5	5038.0	-	89.7	0.0	1593.7	-5.1	1738.0	-66.0	84.9	1.8	1.8	174.2	687.7	1419.6	-692.8	1563.8	-753.7
15:17:57, Wednesday, April 23, 2025	26.265	5670.5	5164.5	-	91.1	0.0	1452.0	-3.4	1501.5	22.0	78.9	1.8	1.8	174.2	687.7	1277.8	-691.1	1327.3	-665.7
15:17:57, Wednesday, April 23, 2025	26.421	5703.5	5126.0	-	89.9	0.0	1440.6	-5.6	1413.5	-93.5	82.0	1.9	1.8	174.2	687.7	1266.4	-693.4	1239.3	-781.2
15:17:58, Wednesday, April 23, 2025	26.593	5731.0	5197.5	-	90.7	0.0	1444.4	-2.4	1342.0	-44.0	76.6	1.8	1.7	174.2	687.7	1270.2	-690.1	1167.8	-731.7
15:17:58, Wednesday, April 23, 2025	26.765	5731.0	5120.5	-	89.3	0.0	1444.1	-6.5	1320.0	-115.5	81.4	1.8	1.8	174.2	687.7	1269.9	-694.3	1145.8	-803.2
15:17:58, Wednesday, April 23, 2025	26.937	5731.0	5313.0	-	92.7	0.0	1426.1	-5.9	1479.5	66.0	81.6	1.8	1.8	174.2	687.7	1251.9	-693.6	1305.3	-621.7
15:17:58, Wednesday, April 23, 2025	27.125	5874.0	5252.5	-	89.4	0.0	1471.6	-6.7	1446.5	77.0	84.8	1.8	1.7	174.2	687.7	1297.4	-694.4	1272.3	-610.7
15:17:58, Wednesday, April 23, 2025	27.265	5824.5	5340.5	-	91.7	0.0	1454.4	-6.0	1584.0	-11.0	82.9	1.8	1.8	174.2	687.7	1280.2	-693.8	1409.8	-698.7
15:17:58, Wednesday, April 23, 2025	27.453	5951.0	5373.5	-	90.3	0.0	1497.7	-12.0	1369.5	60.5	80.8	1.8	1.8	174.2	687.7	1323.5	-699.8	1195.3	-627.2
15:17:59, Wednesday, April 23, 2025	27.609	6033.5	5472.5	-	90.7	0.0	1494.1	-8.1	1320.0	-44.0	81.1	1.9	1.9	174.2	687.7	1320.0	-695.8	1145.8	-731.7
15:17:59, Wednesday, April 23, 2025	27.765	6127.0	5489.0	-	89.6	0.0	1467.9	-9.0	1650.0	-33.0	78.8	1.9	1.8	174.2	687.7	1293.7	-696.7	1475.8	-720.7
15:17:59, Wednesday, April 23, 2025	27.953	6088.5	5483.5	-	90.1	0.0	1460.1	-8.5	1342.0	-16.5	78.9	1.9	1.8	174.2	687.7	1286.0	-696.2	1167.8	-704.2
15:17:59, Wednesday, April 23, 2025	28.140	6044.5	5544.0	-	91.7	0.0	1460.8	-9.9	1380.5	5.5	82.3	1.9	1.9	174.2	687.7	1286.6	-697.6	1206.3	-682.2
15:17:59, Wednesday, April 23, 2025	28.312	6138.0	5549.5	-	90.4	0.0	1461.2	-9.1	1287.0	-236.5	82.6	1.9	1.8	174.2	687.7	1287.1	-696.8	1112.8	-924.2
15:18:00, Wednesday, April 23, 2025	28.500	6116.0	5505.5	-	90.0	0.0	1455.3	-8.6	1331.0	-22.0	82.4	1.9	1.8	174.2	687.7	1281.1	-696.4	1156.8	-709.7
15:18:00, Wednesday, April 23, 2025	28.671	6039.0	5489.0	-	90.9	0.0	1456.4	-9.3	1166.0	71.5	85.3	1.8	1.8	174.2	687.7	1282.2	-697.1	991.8	-616.2
15:18:00, Wednesday, April 23, 2025	28.859	6220.5	5549.5	-	89.2	0.0	1453.5	-7.5	1529.0	-22.0	85.5	1.9	1.9	174.2	687.7	1279.3	-695.2	1354.8	-709.7
15:18:00, Wednesday, April 23, 2025	29.046	6127.0	5505.5	-	89.9	0.0	1453.1	-9.1	1402.5	-44.0	85.5	1.9	1.9	174.2	687.7	1278.9	-696.9	1228.3	-731.7
15:18:00, Wednesday, April 23, 2025	29.203	6132.5	5500.0	-	89.7	0.0	1453.3	-8.6	1386.0	-176.0	85.1	1.9	1.9	174.2	687.7	1279.2	-696.4	1211.8	-863.7
15:18:00, Wednesday, April 23, 2025	29.390	6204.0	5450.5	-	87.9	0.0	1455.2	-8.4	1331.0	-22.0	85.2	1.9	1.8	174.2	687.7	1281.1	-696.2	1156.8	-709.7
15:18:01, Wednesday, April 23, 2025	29.562	6121.5	5500.0	-	89.8	0.0	1453.6	-7.5	1336.5	-16.5	85.3	1.9	1.8	174.2	687.7	1279.4	-695.3	1162.3	-704.2
15:18:01, Wednesday, April 23, 2025	29.765	6215.0	5445.0	-	87.6	0.0	1453.2	-9.2	1402.5	-99.0	85.6	1.9	1.8	174.2	687.7	1279.0	-696.9	1228.3	-786.7
15:18:01, Wednesday, April 23, 2025	29.921	6132.5	5555.0	-	90.6	0.0	1453.0	-9.1	1353.0	-66.0	85.3	1.9	1.8	174.2	687.7	1278.9	-696.8	1178.8	-753.7
15:18:01, Wednesday, April 23, 2025	30.109	6028.0	5511.0	-	91.4	0.0	1452.2	-11.4	1281.5	-44.0	85.4	1.9	1.8	174.2	687.7	1278.0	-699.1	1107.3	-731.7
15:18:01, Wednesday, April 23, 2025	30.265	6121.5	5445.0	-	88.9	0.0	1450.7	-9.2	1276.0	-99.0	85.4	1.9	1.9	174.2	687.7	1276.5	-697.0	1101.8	-786.7
15:18:01, Wednesday, April 23, 2025	30.453	6110.5	5549.5	-	90.8	0.0	1451.1	-9.8	1457.5	-77.0	85.0	1.9	1.9	174.2	687.7	1276.9	-697.6	1283.3	-764.7
