Camera Name: Beamage-3.0
Serial Number: 271193
Firmware: 1.70
Description: USB3.0 Beam Profiling Camera
ADC level: 12 bits 
Sampling Rate: 1 / 1 pulse(s)
Total Duration: 0:0:0:30 (DD:HH:MM:SS)
_______________________________________________________________
Date	 Elapsed time(sec)	 dSigma X(um)	 dSigma Y (um)	 Effective Diameter(um)	 Ellipticity(%)	 Orientation(degrees)	 Centroid X(um)	 Centroid y(um)	 Peak X(um)	 Peak Y(um)	 Peak Saturation level(%)	 Peak to Average Ratio X	 Peak to Average Ratio Y	 X Baseline Position	 Y Baseline Position	 Delta Centroid X	 Delta Centroid Y	 Delta Peak X	 Delta Peak Y	  
 15:38:35, Wednesday, April 16, 2025	0.141	517.0	478.5	-	92.6	0.0	151.7	270.4	154.0	275.0	61.3	1.6	1.7	0.0	0.0	151.7	270.4	154.0	275.0
15:38:35, Wednesday, April 16, 2025	0.422	517.0	484.0	-	93.6	0.0	151.5	270.3	121.0	275.0	61.2	1.7	1.7	0.0	0.0	151.5	270.3	121.0	275.0
15:38:36, Wednesday, April 16, 2025	0.719	506.0	484.0	-	95.7	0.0	151.6	270.2	159.5	280.5	61.6	1.6	1.7	0.0	0.0	151.6	270.2	159.5	280.5
15:38:36, Wednesday, April 16, 2025	1.032	517.0	478.5	-	92.6	0.0	151.8	270.2	159.5	302.5	61.4	1.6	1.7	0.0	0.0	151.8	270.2	159.5	302.5
15:38:36, Wednesday, April 16, 2025	1.282	506.0	473.0	-	93.5	0.0	151.6	270.1	137.5	286.0	61.6	1.6	1.7	0.0	0.0	151.6	270.1	137.5	286.0
15:38:37, Wednesday, April 16, 2025	1.563	517.0	484.0	-	93.6	0.0	151.8	270.2	170.5	275.0	61.2	1.7	1.7	0.0	0.0	151.8	270.2	170.5	275.0
15:38:37, Wednesday, April 16, 2025	1.860	511.5	484.0	-	94.6	0.0	151.6	270.2	154.0	280.5	61.6	1.7	1.7	0.0	0.0	151.6	270.2	154.0	280.5
15:38:37, Wednesday, April 16, 2025	2.110	511.5	484.0	-	94.6	0.0	151.8	270.2	137.5	297.0	61.3	1.6	1.7	0.0	0.0	151.8	270.2	137.5	297.0
15:38:37, Wednesday, April 16, 2025	2.391	506.0	478.5	-	94.6	0.0	151.6	270.2	148.5	286.0	61.6	1.6	1.7	0.0	0.0	151.6	270.2	148.5	286.0
15:38:38, Wednesday, April 16, 2025	2.688	511.5	484.0	-	94.6	0.0	151.5	270.0	137.5	286.0	61.5	1.6	1.7	0.0	0.0	151.5	270.0	137.5	286.0
15:38:38, Wednesday, April 16, 2025	2.953	506.0	478.5	-	94.6	0.0	151.7	270.2	137.5	275.0	61.5	1.6	1.7	0.0	0.0	151.7	270.2	137.5	275.0
15:38:38, Wednesday, April 16, 2025	3.328	511.5	484.0	-	94.6	0.0	151.7	270.2	165.0	280.5	61.3	1.7	1.7	0.0	0.0	151.7	270.2	165.0	280.5
15:38:39, Wednesday, April 16, 2025	3.516	511.5	484.0	-	94.6	0.0	151.8	270.1	126.5	286.0	61.2	1.7	1.7	0.0	0.0	151.8	270.1	126.5	286.0
15:38:39, Wednesday, April 16, 2025	3.766	511.5	478.5	-	93.5	0.0	151.8	270.1	154.0	286.0	61.5	1.6	1.7	0.0	0.0	151.8	270.1	154.0	286.0
15:38:39, Wednesday, April 16, 2025	4.047	511.5	489.5	-	95.7	0.0	151.9	270.1	148.5	291.5	61.3	1.6	1.7	0.0	0.0	151.9	270.1	148.5	291.5
15:38:39, Wednesday, April 16, 2025	4.328	511.5	489.5	-	95.7	0.0	151.7	270.2	148.5	269.5	61.3	1.7	1.7	0.0	0.0	151.7	270.2	148.5	269.5
15:38:40, Wednesday, April 16, 2025	4.610	517.0	484.0	-	93.6	0.0	151.7	270.1	132.0	291.5	61.5	1.6	1.7	0.0	0.0	151.7	270.1	132.0	291.5
15:38:40, Wednesday, April 16, 2025	4.891	511.5	489.5	-	95.7	0.0	151.9	269.9	148.5	275.0	61.0	1.7	1.7	0.0	0.0	151.9	269.9	148.5	275.0
15:38:40, Wednesday, April 16, 2025	5.219	522.5	484.0	-	92.6	0.0	151.8	270.1	132.0	269.5	61.4	1.7	1.7	0.0	0.0	151.8	270.1	132.0	269.5
15:38:40, Wednesday, April 16, 2025	5.453	506.0	484.0	-	95.7	0.0	151.8	269.7	148.5	269.5	61.3	1.6	1.7	0.0	0.0	151.8	269.7	148.5	269.5
15:38:41, Wednesday, April 16, 2025	5.735	517.0	484.0	-	93.6	0.0	151.9	270.1	143.0	291.5	61.5	1.7	1.7	0.0	0.0	151.9	270.1	143.0	291.5
15:38:41, Wednesday, April 16, 2025	6.032	522.5	489.5	-	93.7	0.0	151.9	270.0	143.0	297.0	61.2	1.7	1.7	0.0	0.0	151.9	270.0	143.0	297.0
15:38:41, Wednesday, April 16, 2025	6.282	511.5	478.5	-	93.5	0.0	151.6	270.2	154.0	275.0	61.4	1.6	1.7	0.0	0.0	151.6	270.2	154.0	275.0
15:38:42, Wednesday, April 16, 2025	6.563	517.0	478.5	-	92.6	0.0	151.6	270.1	132.0	286.0	61.4	1.6	1.7	0.0	0.0	151.6	270.1	132.0	286.0
15:38:42, Wednesday, April 16, 2025	6.860	517.0	478.5	-	92.6	0.0	151.7	270.2	148.5	291.5	61.4	1.7	1.7	0.0	0.0	151.7	270.2	148.5	291.5
15:38:42, Wednesday, April 16, 2025	7.110	511.5	489.5	-	95.7	0.0	151.8	270.1	143.0	275.0	61.2	1.6	1.7	0.0	0.0	151.8	270.1	143.0	275.0
15:38:42, Wednesday, April 16, 2025	7.407	511.5	473.0	-	92.5	0.0	151.8	270.1	154.0	280.5	60.9	1.6	1.7	0.0	0.0	151.8	270.1	154.0	280.5
15:38:43, Wednesday, April 16, 2025	7.703	506.0	478.5	-	94.6	0.0	151.6	270.0	132.0	269.5	61.4	1.6	1.7	0.0	0.0	151.6	270.0	132.0	269.5
15:38:43, Wednesday, April 16, 2025	7.969	522.5	484.0	-	92.6	0.0	151.9	269.9	148.5	297.0	61.5	1.7	1.7	0.0	0.0	151.9	269.9	148.5	297.0
15:38:43, Wednesday, April 16, 2025	8.235	511.5	473.0	-	92.5	0.0	151.7	270.2	143.0	291.5	61.3	1.6	1.6	0.0	0.0	151.7	270.2	143.0	291.5
15:38:43, Wednesday, April 16, 2025	8.500	511.5	484.0	-	94.6	0.0	151.9	270.0	143.0	291.5	61.4	1.6	1.7	0.0	0.0	151.9	270.0	143.0	291.5
15:38:44, Wednesday, April 16, 2025	8.766	511.5	478.5	-	93.5	0.0	151.7	270.1	148.5	286.0	61.4	1.7	1.7	0.0	0.0	151.7	270.1	148.5	286.0
15:38:44, Wednesday, April 16, 2025	9.063	506.0	489.5	-	96.7	0.0	151.8	270.1	154.0	269.5	61.1	1.6	1.7	0.0	0.0	151.8	270.1	154.0	269.5
15:38:44, Wednesday, April 16, 2025	9.344	522.5	489.5	-	93.7	0.0	151.7	270.2	143.0	291.5	61.1	1.6	1.7	0.0	0.0	151.7	270.2	143.0	291.5
15:38:45, Wednesday, April 16, 2025	9.625	506.0	484.0	-	95.7	0.0	151.8	270.2	132.0	286.0	60.9	1.6	1.7	0.0	0.0	151.8	270.2	132.0	286.0
15:38:45, Wednesday, April 16, 2025	9.907	511.5	484.0	-	94.6	0.0	151.8	270.2	148.5	291.5	60.8	1.6	1.7	0.0	0.0	151.8	270.2	148.5	291.5
15:38:45, Wednesday, April 16, 2025	10.172	506.0	484.0	-	95.7	0.0	151.8	270.1	137.5	291.5	61.2	1.6	1.7	0.0	0.0	151.8	270.1	137.5	291.5
15:38:45, Wednesday, April 16, 2025	10.453	511.5	478.5	-	93.5	0.0	151.9	269.9	143.0	302.5	61.2	1.7	1.7	0.0	0.0	151.9	269.9	143.0	302.5
15:38:46, Wednesday, April 16, 2025	10.719	522.5	484.0	-	92.6	0.0	151.8	270.1	159.5	308.0	60.9	1.6	1.7	0.0	0.0	151.8	270.1	159.5	308.0
15:38:46, Wednesday, April 16, 2025	10.969	517.0	478.5	-	92.6	0.0	151.6	270.1	126.5	286.0	61.4	1.6	1.7	0.0	0.0	151.6	270.1	126.5	286.0
15:38:46, Wednesday, April 16, 2025	11.282	506.0	484.0	-	95.7	0.0	151.8	269.9	132.0	286.0	60.9	1.6	1.7	0.0	0.0	151.8	269.9	132.0	286.0
15:38:47, Wednesday, April 16, 2025	11.547	506.0	484.0	-	95.7	0.0	151.8	270.2	137.5	297.0	61.1	1.6	1.7	0.0	0.0	151.8	270.2	137.5	297.0
15:38:47, Wednesday, April 16, 2025	11.813	522.5	484.0	-	92.6	0.0	151.6	270.1	148.5	286.0	61.1	1.7	1.7	0.0	0.0	151.6	270.1	148.5	286.0
15:38:47, Wednesday, April 16, 2025	12.094	511.5	478.5	-	93.5	0.0	151.6	270.2	143.0	275.0	61.2	1.6	1.7	0.0	0.0	151.6	270.2	143.0	275.0
15:38:47, Wednesday, April 16, 2025	12.360	506.0	473.0	-	93.5	0.0	151.5	270.2	148.5	280.5	61.2	1.7	1.7	0.0	0.0	151.5	270.2	148.5	280.5
15:38:48, Wednesday, April 16, 2025	12.641	511.5	478.5	-	93.5	0.0	151.6	270.0	137.5	297.0	60.8	1.7	1.7	0.0	0.0	151.6	270.0	137.5	297.0
15:38:48, Wednesday, April 16, 2025	12.922	506.0	484.0	-	95.7	0.0	151.6	270.0	143.0	302.5	61.3	1.6	1.7	0.0	0.0	151.6	270.0	143.0	302.5
15:38:48, Wednesday, April 16, 2025	13.172	500.5	478.5	-	95.6	0.0	151.9	270.2	143.0	291.5	61.2	1.6	1.7	0.0	0.0	151.9	270.2	143.0	291.5
15:38:48, Wednesday, April 16, 2025	13.469	506.0	473.0	-	93.5	0.0	151.6	270.4	154.0	302.5	61.2	1.6	1.7	0.0	0.0	151.6	270.4	154.0	302.5
15:38:49, Wednesday, April 16, 2025	13.735	511.5	484.0	-	94.6	0.0	151.9	270.1	137.5	302.5	61.3	1.6	1.7	0.0	0.0	151.9	270.1	137.5	302.5
15:38:49, Wednesday, April 16, 2025	14.016	511.5	484.0	-	94.6	0.0	151.6	270.3	159.5	286.0	60.7	1.6	1.7	0.0	0.0	151.6	270.3	159.5	286.0
15:38:49, Wednesday, April 16, 2025	14.297	522.5	489.5	-	93.7	0.0	151.8	270.2	143.0	297.0	60.9	1.6	1.7	0.0	0.0	151.8	270.2	143.0	297.0
15:38:50, Wednesday, April 16, 2025	14.578	517.0	484.0	-	93.6	0.0	151.7	270.1	159.5	291.5	61.3	1.7	1.7	0.0	0.0	151.7	270.1	159.5	291.5
15:38:50, Wednesday, April 16, 2025	14.844	511.5	478.5	-	93.5	0.0	151.7	270.4	154.0	291.5	61.4	1.7	1.7	0.0	0.0	151.7	270.4	154.0	291.5
15:38:50, Wednesday, April 16, 2025	15.141	511.5	484.0	-	94.6	0.0	151.9	270.1	126.5	286.0	61.6	1.7	1.7	0.0	0.0	151.9	270.1	126.5	286.0
15:38:50, Wednesday, April 16, 2025	15.391	511.5	484.0	-	94.6	0.0	151.7	270.1	154.0	286.0	61.4	1.7	1.7	0.0	0.0	151.7	270.1	154.0	286.0
15:38:51, Wednesday, April 16, 2025	15.657	511.5	484.0	-	94.6	0.0	151.8	270.0	143.0	275.0	61.1	1.6	1.7	0.0	0.0	151.8	270.0	143.0	275.0
15:38:51, Wednesday, April 16, 2025	15.938	511.5	484.0	-	94.6	0.0	151.7	270.0	159.5	291.5	61.1	1.7	1.7	0.0	0.0	151.7	270.0	159.5	291.5
15:38:51, Wednesday, April 16, 2025	16.235	511.5	484.0	-	94.6	0.0	152.0	270.2	154.0	275.0	61.2	1.7	1.7	0.0	0.0	152.0	270.2	154.0	275.0
15:38:51, Wednesday, April 16, 2025	16.500	522.5	478.5	-	91.6	0.0	151.7	270.3	148.5	286.0	61.3	1.7	1.7	0.0	0.0	151.7	270.3	148.5	286.0
15:38:52, Wednesday, April 16, 2025	16.782	511.5	484.0	-	94.6	0.0	151.7	270.2	121.0	286.0	61.4	1.6	1.7	0.0	0.0	151.7	270.2	121.0	286.0
15:38:52, Wednesday, April 16, 2025	17.047	511.5	478.5	-	93.5	0.0	151.8	270.3	132.0	286.0	61.2	1.7	1.7	0.0	0.0	151.8	270.3	132.0	286.0
15:38:52, Wednesday, April 16, 2025	17.328	511.5	484.0	-	94.6	0.0	151.9	270.1	159.5	280.5	61.2	1.6	1.7	0.0	0.0	151.9	270.1	159.5	280.5
15:38:53, Wednesday, April 16, 2025	17.610	511.5	484.0	-	94.6	0.0	151.7	270.1	154.0	275.0	61.2	1.6	1.7	0.0	0.0	151.7	270.1	154.0	275.0
15:38:53, Wednesday, April 16, 2025	17.875	500.5	484.0	-	96.7	0.0	151.9	270.0	126.5	297.0	60.9	1.6	1.7	0.0	0.0	151.9	270.0	126.5	297.0
15:38:53, Wednesday, April 16, 2025	18.172	511.5	484.0	-	94.6	0.0	151.7	270.2	148.5	275.0	60.8	1.6	1.7	0.0	0.0	151.7	270.2	148.5	275.0
15:38:53, Wednesday, April 16, 2025	18.438	506.0	489.5	-	96.7	0.0	151.6	270.2	110.0	286.0	60.9	1.6	1.7	0.0	0.0	151.6	270.2	110.0	286.0
15:38:54, Wednesday, April 16, 2025	18.703	511.5	484.0	-	94.6	0.0	151.7	270.2	159.5	280.5	61.1	1.6	1.7	0.0	0.0	151.7	270.2	159.5	280.5
15:38:54, Wednesday, April 16, 2025	19.000	511.5	478.5	-	93.5	0.0	151.5	270.2	126.5	291.5	61.3	1.6	1.7	0.0	0.0	151.5	270.2	126.5	291.5
15:38:54, Wednesday, April 16, 2025	19.282	506.0	478.5	-	94.6	0.0	151.8	270.1	154.0	269.5	61.3	1.6	1.7	0.0	0.0	151.8	270.1	154.0	269.5
15:38:55, Wednesday, April 16, 2025	19.532	517.0	489.5	-	94.7	0.0	151.6	270.0	143.0	297.0	61.0	1.7	1.7	0.0	0.0	151.6	270.0	143.0	297.0
15:38:55, Wednesday, April 16, 2025	19.813	522.5	484.0	-	92.6	0.0	151.8	269.9	159.5	280.5	61.2	1.7	1.7	0.0	0.0	151.8	269.9	159.5	280.5
15:38:55, Wednesday, April 16, 2025	20.078	511.5	484.0	-	94.6	0.0	151.8	270.1	154.0	302.5	61.2	1.6	1.7	0.0	0.0	151.8	270.1	154.0	302.5
15:38:55, Wednesday, April 16, 2025	20.360	511.5	478.5	-	93.5	0.0	151.9	270.0	154.0	280.5	61.2	1.6	1.7	0.0	0.0	151.9	270.0	154.0	280.5
15:38:56, Wednesday, April 16, 2025	20.641	511.5	489.5	-	95.7	0.0	151.6	270.2	154.0	269.5	61.7	1.6	1.7	0.0	0.0	151.6	270.2	154.0	269.5
15:38:56, Wednesday, April 16, 2025	20.938	511.5	489.5	-	95.7	0.0	151.7	270.2	132.0	286.0	61.0	1.7	1.7	0.0	0.0	151.7	270.2	132.0	286.0
15:38:56, Wednesday, April 16, 2025	21.219	506.0	478.5	-	94.6	0.0	151.9	270.1	143.0	291.5	61.4	1.6	1.7	0.0	0.0	151.9	270.1	143.0	291.5
15:38:56, Wednesday, April 16, 2025	21.485	506.0	489.5	-	96.7	0.0	151.8	270.2	159.5	291.5	61.0	1.6	1.7	0.0	0.0	151.8	270.2	159.5	291.5
15:38:57, Wednesday, April 16, 2025	21.750	517.0	489.5	-	94.7	0.0	151.8	270.1	148.5	302.5	61.4	1.6	1.7	0.0	0.0	151.8	270.1	148.5	302.5
15:38:57, Wednesday, April 16, 2025	22.032	511.5	478.5	-	93.5	0.0	151.6	270.1	154.0	291.5	61.2	1.6	1.7	0.0	0.0	151.6	270.1	154.0	291.5
15:38:57, Wednesday, April 16, 2025	22.344	517.0	478.5	-	92.6	0.0	151.7	270.2	159.5	286.0	61.0	1.7	1.7	0.0	0.0	151.7	270.2	159.5	286.0
15:38:58, Wednesday, April 16, 2025	22.578	511.5	484.0	-	94.6	0.0	151.6	270.1	148.5	291.5	61.3	1.6	1.7	0.0	0.0	151.6	270.1	148.5	291.5
15:38:58, Wednesday, April 16, 2025	22.875	517.0	489.5	-	94.7	0.0	151.7	270.0	148.5	264.0	61.2	1.7	1.7	0.0	0.0	151.7	270.0	148.5	264.0
15:38:58, Wednesday, April 16, 2025	23.172	517.0	489.5	-	94.7	0.0	151.8	270.1	121.0	275.0	61.4	1.7	1.7	0.0	0.0	151.8	270.1	121.0	275.0
15:38:58, Wednesday, April 16, 2025	23.438	500.5	478.5	-	95.6	0.0	151.7	270.3	132.0	286.0	61.8	1.6	1.7	0.0	0.0	151.7	270.3	132.0	286.0
15:38:59, Wednesday, April 16, 2025	23.719	511.5	484.0	-	94.6	0.0	151.7	270.3	137.5	286.0	61.4	1.6	1.7	0.0	0.0	151.7	270.3	137.5	286.0
15:38:59, Wednesday, April 16, 2025	23.985	506.0	478.5	-	94.6	0.0	151.6	270.3	132.0	286.0	61.2	1.6	1.7	0.0	0.0	151.6	270.3	132.0	286.0
15:38:59, Wednesday, April 16, 2025	24.282	506.0	478.5	-	94.6	0.0	151.8	270.2	132.0	286.0	61.2	1.6	1.7	0.0	0.0	151.8	270.2	132.0	286.0
15:39:00, Wednesday, April 16, 2025	24.547	511.5	484.0	-	94.6	0.0	151.7	270.1	137.5	297.0	61.1	1.6	1.7	0.0	0.0	151.7	270.1	137.5	297.0
15:39:00, Wednesday, April 16, 2025	24.828	511.5	478.5	-	93.5	0.0	151.8	269.9	159.5	280.5	61.0	1.6	1.6	0.0	0.0	151.8	269.9	159.5	280.5
15:39:00, Wednesday, April 16, 2025	25.125	522.5	478.5	-	91.6	0.0	151.7	270.0	154.0	308.0	61.2	1.6	1.7	0.0	0.0	151.7	270.0	154.0	308.0
15:39:00, Wednesday, April 16, 2025	25.375	517.0	478.5	-	92.6	0.0	151.6	270.1	121.0	275.0	61.1	1.6	1.7	0.0	0.0	151.6	270.1	121.0	275.0
15:39:01, Wednesday, April 16, 2025	25.657	506.0	478.5	-	94.6	0.0	151.8	270.2	143.0	280.5	61.2	1.6	1.7	0.0	0.0	151.8	270.2	143.0	280.5
15:39:01, Wednesday, April 16, 2025	25.953	511.5	467.5	-	91.4	0.0	151.8	270.0	143.0	275.0	61.2	1.6	1.7	0.0	0.0	151.8	270.0	143.0	275.0
15:39:01, Wednesday, April 16, 2025	26.219	511.5	484.0	-	94.6	0.0	151.9	270.1	143.0	286.0	61.4	1.6	1.7	0.0	0.0	151.9	270.1	143.0	286.0
15:39:01, Wednesday, April 16, 2025	26.485	506.0	478.5	-	94.6	0.0	151.8	270.1	143.0	297.0	61.2	1.7	1.7	0.0	0.0	151.8	270.1	143.0	297.0
15:39:02, Wednesday, April 16, 2025	26.750	522.5	484.0	-	92.6	0.0	151.8	270.2	154.0	291.5	61.3	1.6	1.7	0.0	0.0	151.8	270.2	154.0	291.5
15:39:02, Wednesday, April 16, 2025	27.063	506.0	478.5	-	94.6	0.0	151.6	270.1	110.0	286.0	60.9	1.6	1.7	0.0	0.0	151.6	270.1	110.0	286.0
15:39:02, Wednesday, April 16, 2025	27.328	517.0	489.5	-	94.7	0.0	151.8	270.0	154.0	275.0	61.3	1.7	1.7	0.0	0.0	151.8	270.0	154.0	275.0
15:39:03, Wednesday, April 16, 2025	27.610	511.5	484.0	-	94.6	0.0	151.8	270.1	126.5	291.5	61.1	1.6	1.7	0.0	0.0	151.8	270.1	126.5	291.5
15:39:03, Wednesday, April 16, 2025	27.891	517.0	484.0	-	93.6	0.0	151.8	270.0	148.5	297.0	61.2	1.6	1.7	0.0	0.0	151.8	270.0	148.5	297.0
15:39:03, Wednesday, April 16, 2025	28.157	528.0	484.0	-	91.7	0.0	151.9	269.9	159.5	291.5	61.1	1.7	1.7	0.0	0.0	151.9	269.9	159.5	291.5
15:39:03, Wednesday, April 16, 2025	28.453	511.5	484.0	-	94.6	0.0	151.8	270.0	148.5	269.5	61.1	1.6	1.7	0.0	0.0	151.8	270.0	148.5	269.5
15:39:04, Wednesday, April 16, 2025	28.703	511.5	478.5	-	93.5	0.0	151.6	270.2	132.0	286.0	61.1	1.6	1.7	0.0	0.0	151.6	270.2	132.0	286.0
15:39:04, Wednesday, April 16, 2025	28.969	517.0	478.5	-	92.6	0.0	151.7	270.2	143.0	297.0	61.2	1.7	1.7	0.0	0.0	151.7	270.2	143.0	297.0
15:39:04, Wednesday, April 16, 2025	29.250	511.5	478.5	-	93.5	0.0	151.8	269.8	165.0	286.0	60.7	1.6	1.7	0.0	0.0	151.8	269.8	165.0	286.0
15:39:05, Wednesday, April 16, 2025	29.532	517.0	484.0	-	93.6	0.0	151.8	270.2	132.0	269.5	60.8	1.7	1.7	0.0	0.0	151.8	270.2	132.0	269.5
15:39:05, Wednesday, April 16, 2025	29.782	517.0	484.0	-	93.6	0.0	151.7	270.1	126.5	291.5	61.2	1.6	1.7	0.0	0.0	151.7	270.1	126.5	291.5
15:39:05, Wednesday, April 16, 2025	30.047	500.5	478.5	-	95.6	0.0	151.7	270.1	148.5	313.5	61.2	1.6	1.7	0.0	0.0	151.7	270.1	148.5	313.5
15:39:05, Wednesday, April 16, 2025	30.360	511.5	478.5	-	93.5	0.0	151.8	270.1	143.0	297.0	61.4	1.6	1.7	0.0	0.0	151.8	270.1	143.0	297.0
