Camera Name: Beamage-3.0
Serial Number: 271193
Firmware: 1.70
Description: USB3.0 Beam Profiling Camera
ADC level: 12 bits 
Sampling Rate: 1 / 1 pulse(s)
Total Duration: 0:0:0:30 (DD:HH:MM:SS)
_______________________________________________________________
Date	 Elapsed time(sec)	 dSigma X(um)	 dSigma Y (um)	 Effective Diameter(um)	 Ellipticity(%)	 Orientation(degrees)	 Centroid X(um)	 Centroid y(um)	 Peak X(um)	 Peak Y(um)	 Peak Saturation level(%)	 Peak to Average Ratio X	 Peak to Average Ratio Y	 X Baseline Position	 Y Baseline Position	 Delta Centroid X	 Delta Centroid Y	 Delta Peak X	 Delta Peak Y	  
 15:54:07, Wednesday, April 16, 2025	0.032	1402.5	1287.0	-	91.8	0.0	503.1	306.6	467.5	319.0	86.1	1.8	1.7	0.0	0.0	503.1	306.6	467.5	319.0
15:54:07, Wednesday, April 16, 2025	0.125	1408.0	1287.0	-	91.4	0.0	503.2	306.3	484.0	341.0	85.8	1.8	1.7	0.0	0.0	503.2	306.3	484.0	341.0
15:54:07, Wednesday, April 16, 2025	0.204	1424.5	1292.5	-	90.7	0.0	503.2	306.7	495.0	319.0	85.5	1.8	1.7	0.0	0.0	503.2	306.7	495.0	319.0
15:54:07, Wednesday, April 16, 2025	0.266	1430.0	1292.5	-	90.4	0.0	503.2	306.4	478.5	341.0	85.8	1.8	1.8	0.0	0.0	503.2	306.4	478.5	341.0
15:54:07, Wednesday, April 16, 2025	0.375	1402.5	1276.0	-	91.0	0.0	503.2	306.3	506.0	313.5	85.2	1.8	1.7	0.0	0.0	503.2	306.3	506.0	313.5
15:54:08, Wednesday, April 16, 2025	0.485	1408.0	1287.0	-	91.4	0.0	503.2	306.0	462.0	324.5	85.9	1.8	1.7	0.0	0.0	503.2	306.0	462.0	324.5
15:54:08, Wednesday, April 16, 2025	0.625	1408.0	1281.5	-	91.0	0.0	503.0	306.1	467.5	319.0	86.2	1.8	1.7	0.0	0.0	503.0	306.1	467.5	319.0
15:54:08, Wednesday, April 16, 2025	0.719	1397.0	1292.5	-	92.5	0.0	503.2	305.9	478.5	330.0	86.1	1.8	1.8	0.0	0.0	503.2	305.9	478.5	330.0
15:54:08, Wednesday, April 16, 2025	0.813	1397.0	1276.0	-	91.3	0.0	503.2	306.0	462.0	330.0	85.7	1.8	1.7	0.0	0.0	503.2	306.0	462.0	330.0
15:54:08, Wednesday, April 16, 2025	0.938	1413.5	1281.5	-	90.7	0.0	503.2	306.4	467.5	335.5	85.7	1.8	1.7	0.0	0.0	503.2	306.4	467.5	335.5
15:54:08, Wednesday, April 16, 2025	1.032	1430.0	1292.5	-	90.4	0.0	503.2	306.1	495.0	335.5	86.0	1.8	1.7	0.0	0.0	503.2	306.1	495.0	335.5
15:54:08, Wednesday, April 16, 2025	1.125	1419.0	1281.5	-	90.3	0.0	503.1	306.3	462.0	341.0	86.1	1.8	1.7	0.0	0.0	503.1	306.3	462.0	341.0
15:54:08, Wednesday, April 16, 2025	1.282	1391.5	1292.5	-	92.9	0.0	503.2	306.7	467.5	330.0	85.9	1.8	1.7	0.0	0.0	503.2	306.7	467.5	330.0
15:54:09, Wednesday, April 16, 2025	1.454	1402.5	1281.5	-	91.4	0.0	503.1	306.3	467.5	335.5	85.9	1.8	1.7	0.0	0.0	503.1	306.3	467.5	335.5
15:54:09, Wednesday, April 16, 2025	1.532	1402.5	1281.5	-	91.4	0.0	503.2	306.1	467.5	330.0	86.2	1.8	1.7	0.0	0.0	503.2	306.1	467.5	330.0
15:54:09, Wednesday, April 16, 2025	1.625	1408.0	1276.0	-	90.6	0.0	503.1	306.8	484.0	319.0	86.0	1.8	1.8	0.0	0.0	503.1	306.8	484.0	319.0
15:54:09, Wednesday, April 16, 2025	1.719	1441.0	1281.5	-	88.9	0.0	503.2	306.3	489.5	341.0	85.5	1.8	1.7	0.0	0.0	503.2	306.3	489.5	341.0
15:54:09, Wednesday, April 16, 2025	1.782	1424.5	1276.0	-	89.6	0.0	503.1	306.8	506.0	313.5	85.6	1.8	1.7	0.0	0.0	503.1	306.8	506.0	313.5
15:54:09, Wednesday, April 16, 2025	1.875	1402.5	1292.5	-	92.2	0.0	502.9	306.8	451.0	302.5	85.9	1.8	1.7	0.0	0.0	502.9	306.8	451.0	302.5
15:54:09, Wednesday, April 16, 2025	1.954	1413.5	1276.0	-	90.3	0.0	503.1	306.2	467.5	368.5	85.8	1.8	1.7	0.0	0.0	503.1	306.2	467.5	368.5
15:54:09, Wednesday, April 16, 2025	2.079	1413.5	1287.0	-	91.1	0.0	503.6	306.3	467.5	302.5	86.0	1.8	1.7	0.0	0.0	503.6	306.3	467.5	302.5
15:54:09, Wednesday, April 16, 2025	2.157	1413.5	1281.5	-	90.7	0.0	503.3	306.6	467.5	313.5	86.0	1.8	1.7	0.0	0.0	503.3	306.6	467.5	313.5
15:54:09, Wednesday, April 16, 2025	2.282	1402.5	1287.0	-	91.8	0.0	503.2	306.7	451.0	319.0	85.8	1.8	1.7	0.0	0.0	503.2	306.7	451.0	319.0
15:54:09, Wednesday, April 16, 2025	2.360	1413.5	1287.0	-	91.1	0.0	503.2	306.4	462.0	319.0	85.4	1.8	1.7	0.0	0.0	503.2	306.4	462.0	319.0
15:54:09, Wednesday, April 16, 2025	2.438	1413.5	1292.5	-	91.4	0.0	503.1	306.4	484.0	324.5	86.1	1.8	1.7	0.0	0.0	503.1	306.4	484.0	324.5
15:54:10, Wednesday, April 16, 2025	2.516	1408.0	1292.5	-	91.8	0.0	503.2	306.7	456.5	335.5	85.8	1.8	1.7	0.0	0.0	503.2	306.7	456.5	335.5
15:54:10, Wednesday, April 16, 2025	2.594	1424.5	1276.0	-	89.6	0.0	503.4	306.2	467.5	324.5	85.9	1.8	1.7	0.0	0.0	503.4	306.2	467.5	324.5
15:54:10, Wednesday, April 16, 2025	2.688	1424.5	1287.0	-	90.3	0.0	503.2	306.6	456.5	308.0	85.6	1.8	1.7	0.0	0.0	503.2	306.6	456.5	308.0
15:54:10, Wednesday, April 16, 2025	2.782	1424.5	1281.5	-	90.0	0.0	503.3	306.3	484.0	330.0	85.7	1.8	1.7	0.0	0.0	503.3	306.3	484.0	330.0
15:54:10, Wednesday, April 16, 2025	2.875	1419.0	1298.0	-	91.5	0.0	503.4	306.8	467.5	324.5	85.8	1.8	1.7	0.0	0.0	503.4	306.8	467.5	324.5
15:54:10, Wednesday, April 16, 2025	2.985	1419.0	1281.5	-	90.3	0.0	503.2	306.4	495.0	335.5	85.2	1.8	1.7	0.0	0.0	503.2	306.4	495.0	335.5
15:54:10, Wednesday, April 16, 2025	3.079	1413.5	1281.5	-	90.7	0.0	503.2	306.5	451.0	313.5	85.6	1.8	1.7	0.0	0.0	503.2	306.5	451.0	313.5
15:54:10, Wednesday, April 16, 2025	3.188	1408.0	1287.0	-	91.4	0.0	503.3	306.3	462.0	319.0	85.5	1.8	1.7	0.0	0.0	503.3	306.3	462.0	319.0
15:54:10, Wednesday, April 16, 2025	3.282	1419.0	1292.5	-	91.1	0.0	503.3	306.3	456.5	308.0	85.7	1.8	1.7	0.0	0.0	503.3	306.3	456.5	308.0
15:54:10, Wednesday, April 16, 2025	3.375	1402.5	1292.5	-	92.2	0.0	503.3	306.3	473.0	313.5	85.8	1.8	1.7	0.0	0.0	503.3	306.3	473.0	313.5
15:54:11, Wednesday, April 16, 2025	3.438	1413.5	1281.5	-	90.7	0.0	503.2	306.7	456.5	319.0	85.4	1.8	1.7	0.0	0.0	503.2	306.7	456.5	319.0
15:54:11, Wednesday, April 16, 2025	3.547	1419.0	1281.5	-	90.3	0.0	503.3	306.3	467.5	330.0	85.5	1.8	1.7	0.0	0.0	503.3	306.3	467.5	330.0
15:54:11, Wednesday, April 16, 2025	3.625	1408.0	1276.0	-	90.6	0.0	502.9	306.4	462.0	313.5	85.6	1.8	1.7	0.0	0.0	502.9	306.4	462.0	313.5
15:54:11, Wednesday, April 16, 2025	3.750	1408.0	1281.5	-	91.0	0.0	503.0	306.4	484.0	319.0	85.5	1.8	1.7	0.0	0.0	503.0	306.4	484.0	319.0
15:54:11, Wednesday, April 16, 2025	3.844	1413.5	1292.5	-	91.4	0.0	503.1	306.6	456.5	319.0	85.4	1.8	1.7	0.0	0.0	503.1	306.6	456.5	319.0
15:54:11, Wednesday, April 16, 2025	3.922	1402.5	1287.0	-	91.8	0.0	503.2	306.6	473.0	341.0	85.5	1.8	1.7	0.0	0.0	503.2	306.6	473.0	341.0
15:54:11, Wednesday, April 16, 2025	4.032	1402.5	1281.5	-	91.4	0.0	503.1	306.5	456.5	335.5	85.7	1.8	1.7	0.0	0.0	503.1	306.5	456.5	335.5
15:54:11, Wednesday, April 16, 2025	4.125	1408.0	1298.0	-	92.2	0.0	503.0	306.9	456.5	341.0	85.3	1.8	1.7	0.0	0.0	503.0	306.9	456.5	341.0
15:54:11, Wednesday, April 16, 2025	4.204	1408.0	1292.5	-	91.8	0.0	502.9	306.4	462.0	308.0	86.0	1.8	1.7	0.0	0.0	502.9	306.4	462.0	308.0
15:54:11, Wednesday, April 16, 2025	4.282	1419.0	1292.5	-	91.1	0.0	503.1	306.7	495.0	346.5	85.7	1.8	1.7	0.0	0.0	503.1	306.7	495.0	346.5
15:54:11, Wednesday, April 16, 2025	4.375	1419.0	1287.0	-	90.7	0.0	502.8	306.6	462.0	302.5	85.7	1.8	1.8	0.0	0.0	502.8	306.6	462.0	302.5
15:54:12, Wednesday, April 16, 2025	4.454	1419.0	1276.0	-	89.9	0.0	503.2	307.0	484.0	330.0	85.5	1.8	1.7	0.0	0.0	503.2	307.0	484.0	330.0
15:54:12, Wednesday, April 16, 2025	4.532	1424.5	1281.5	-	90.0	0.0	503.2	306.5	484.0	374.0	85.4	1.8	1.7	0.0	0.0	503.2	306.5	484.0	374.0
15:54:12, Wednesday, April 16, 2025	4.641	1402.5	1292.5	-	92.2	0.0	503.2	306.4	462.0	363.0	85.5	1.8	1.7	0.0	0.0	503.2	306.4	462.0	363.0
15:54:12, Wednesday, April 16, 2025	4.766	1408.0	1292.5	-	91.8	0.0	503.3	306.5	467.5	319.0	86.0	1.8	1.8	0.0	0.0	503.3	306.5	467.5	319.0
15:54:12, Wednesday, April 16, 2025	4.844	1408.0	1276.0	-	90.6	0.0	503.2	306.4	462.0	324.5	85.8	1.8	1.7	0.0	0.0	503.2	306.4	462.0	324.5
15:54:12, Wednesday, April 16, 2025	4.922	1413.5	1303.5	-	92.2	0.0	503.2	306.2	462.0	319.0	85.5	1.8	1.8	0.0	0.0	503.2	306.2	462.0	319.0
15:54:12, Wednesday, April 16, 2025	5.016	1408.0	1287.0	-	91.4	0.0	503.4	306.4	500.5	341.0	86.0	1.8	1.8	0.0	0.0	503.4	306.4	500.5	341.0
15:54:12, Wednesday, April 16, 2025	5.094	1408.0	1276.0	-	90.6	0.0	503.4	306.4	467.5	330.0	85.9	1.8	1.7	0.0	0.0	503.4	306.4	467.5	330.0
15:54:12, Wednesday, April 16, 2025	5.188	1419.0	1276.0	-	89.9	0.0	503.4	306.2	462.0	308.0	86.3	1.8	1.8	0.0	0.0	503.4	306.2	462.0	308.0
15:54:12, Wednesday, April 16, 2025	5.266	1413.5	1287.0	-	91.1	0.0	503.3	306.1	456.5	313.5	85.9	1.8	1.7	0.0	0.0	503.3	306.1	456.5	313.5
15:54:12, Wednesday, April 16, 2025	5.344	1435.5	1287.0	-	89.7	0.0	503.4	306.2	506.0	313.5	85.9	1.8	1.7	0.0	0.0	503.4	306.2	506.0	313.5
15:54:12, Wednesday, April 16, 2025	5.422	1413.5	1287.0	-	91.1	0.0	503.4	306.3	467.5	352.0	85.7	1.8	1.8	0.0	0.0	503.4	306.3	467.5	352.0
15:54:13, Wednesday, April 16, 2025	5.500	1408.0	1287.0	-	91.4	0.0	503.4	306.5	478.5	341.0	85.9	1.8	1.7	0.0	0.0	503.4	306.5	478.5	341.0
15:54:13, Wednesday, April 16, 2025	5.579	1419.0	1281.5	-	90.3	0.0	503.4	306.4	467.5	335.5	85.8	1.8	1.7	0.0	0.0	503.4	306.4	467.5	335.5
15:54:13, Wednesday, April 16, 2025	5.657	1402.5	1276.0	-	91.0	0.0	503.3	306.5	478.5	324.5	85.9	1.8	1.7	0.0	0.0	503.3	306.5	478.5	324.5
15:54:13, Wednesday, April 16, 2025	5.735	1408.0	1281.5	-	91.0	0.0	503.5	306.5	473.0	341.0	86.0	1.8	1.7	0.0	0.0	503.5	306.5	473.0	341.0
15:54:13, Wednesday, April 16, 2025	5.829	1408.0	1287.0	-	91.4	0.0	503.2	306.0	451.0	308.0	85.8	1.8	1.7	0.0	0.0	503.2	306.0	451.0	308.0
15:54:13, Wednesday, April 16, 2025	5.907	1413.5	1298.0	-	91.8	0.0	503.3	306.2	467.5	335.5	86.0	1.8	1.7	0.0	0.0	503.3	306.2	467.5	335.5
15:54:13, Wednesday, April 16, 2025	6.000	1408.0	1287.0	-	91.4	0.0	503.2	306.6	462.0	324.5	85.8	1.8	1.7	0.0	0.0	503.2	306.6	462.0	324.5
15:54:13, Wednesday, April 16, 2025	6.094	1424.5	1303.5	-	91.5	0.0	503.3	306.4	484.0	324.5	86.3	1.8	1.8	0.0	0.0	503.3	306.4	484.0	324.5
15:54:13, Wednesday, April 16, 2025	6.172	1408.0	1292.5	-	91.8	0.0	503.3	306.2	467.5	368.5	85.5	1.8	1.7	0.0	0.0	503.3	306.2	467.5	368.5
15:54:13, Wednesday, April 16, 2025	6.266	1419.0	1281.5	-	90.3	0.0	503.4	306.3	462.0	319.0	85.6	1.8	1.7	0.0	0.0	503.4	306.3	462.0	319.0
15:54:13, Wednesday, April 16, 2025	6.344	1413.5	1287.0	-	91.1	0.0	503.2	306.2	467.5	352.0	86.0	1.8	1.7	0.0	0.0	503.2	306.2	467.5	352.0
15:54:13, Wednesday, April 16, 2025	6.422	1402.5	1287.0	-	91.8	0.0	503.2	306.5	473.0	313.5	85.6	1.7	1.7	0.0	0.0	503.2	306.5	473.0	313.5
15:54:14, Wednesday, April 16, 2025	6.500	1430.0	1287.0	-	90.0	0.0	503.2	306.4	478.5	330.0	85.6	1.8	1.7	0.0	0.0	503.2	306.4	478.5	330.0
15:54:14, Wednesday, April 16, 2025	6.579	1408.0	1287.0	-	91.4	0.0	503.4	306.6	456.5	319.0	85.9	1.8	1.7	0.0	0.0	503.4	306.6	456.5	319.0
15:54:14, Wednesday, April 16, 2025	6.641	1402.5	1287.0	-	91.8	0.0	503.4	306.1	456.5	319.0	85.8	1.8	1.7	0.0	0.0	503.4	306.1	456.5	319.0
15:54:14, Wednesday, April 16, 2025	6.735	1424.5	1281.5	-	90.0	0.0	503.4	306.0	451.0	313.5	85.9	1.8	1.7	0.0	0.0	503.4	306.0	451.0	313.5
15:54:14, Wednesday, April 16, 2025	6.829	1402.5	1287.0	-	91.8	0.0	503.3	306.2	484.0	319.0	85.6	1.8	1.7	0.0	0.0	503.3	306.2	484.0	319.0
15:54:14, Wednesday, April 16, 2025	6.907	1408.0	1281.5	-	91.0	0.0	503.4	306.2	462.0	330.0	85.5	1.8	1.7	0.0	0.0	503.4	306.2	462.0	330.0
15:54:14, Wednesday, April 16, 2025	7.000	1402.5	1287.0	-	91.8	0.0	503.4	306.3	456.5	324.5	85.7	1.8	1.7	0.0	0.0	503.4	306.3	456.5	324.5
15:54:14, Wednesday, April 16, 2025	7.110	1408.0	1287.0	-	91.4	0.0	503.3	306.1	478.5	368.5	86.1	1.8	1.7	0.0	0.0	503.3	306.1	478.5	368.5
15:54:14, Wednesday, April 16, 2025	7.219	1413.5	1281.5	-	90.7	0.0	503.2	306.2	467.5	352.0	85.7	1.8	1.7	0.0	0.0	503.2	306.2	467.5	352.0
15:54:14, Wednesday, April 16, 2025	7.297	1408.0	1292.5	-	91.8	0.0	503.3	306.2	489.5	319.0	85.8	1.8	1.7	0.0	0.0	503.3	306.2	489.5	319.0
15:54:14, Wednesday, April 16, 2025	7.375	1413.5	1281.5	-	90.7	0.0	503.4	306.4	489.5	341.0	86.0	1.8	1.8	0.0	0.0	503.4	306.4	489.5	341.0
15:54:15, Wednesday, April 16, 2025	7.454	1413.5	1287.0	-	91.1	0.0	503.2	306.2	456.5	335.5	85.8	1.8	1.7	0.0	0.0	503.2	306.2	456.5	335.5
15:54:15, Wednesday, April 16, 2025	7.516	1408.0	1281.5	-	91.0	0.0	503.2	306.0	467.5	313.5	85.7	1.8	1.7	0.0	0.0	503.2	306.0	467.5	313.5
15:54:15, Wednesday, April 16, 2025	7.625	1402.5	1287.0	-	91.8	0.0	503.4	306.5	473.0	324.5	85.4	1.8	1.7	0.0	0.0	503.4	306.5	473.0	324.5
15:54:15, Wednesday, April 16, 2025	7.704	1413.5	1287.0	-	91.1	0.0	503.3	306.2	445.5	341.0	85.9	1.8	1.7	0.0	0.0	503.3	306.2	445.5	341.0
15:54:15, Wednesday, April 16, 2025	7.782	1402.5	1287.0	-	91.8	0.0	503.4	306.3	495.0	335.5	86.1	1.8	1.8	0.0	0.0	503.4	306.3	495.0	335.5
15:54:15, Wednesday, April 16, 2025	7.875	1419.0	1287.0	-	90.7	0.0	503.3	306.6	484.0	368.5	85.7	1.8	1.8	0.0	0.0	503.3	306.6	484.0	368.5
15:54:15, Wednesday, April 16, 2025	7.954	1408.0	1292.5	-	91.8	0.0	503.3	306.4	456.5	308.0	85.8	1.8	1.7	0.0	0.0	503.3	306.4	456.5	308.0
15:54:15, Wednesday, April 16, 2025	8.032	1430.0	1298.0	-	90.8	0.0	503.5	306.5	440.0	335.5	85.8	1.8	1.7	0.0	0.0	503.5	306.5	440.0	335.5
15:54:15, Wednesday, April 16, 2025	8.125	1408.0	1276.0	-	90.6	0.0	503.4	306.4	445.5	308.0	86.3	1.8	1.7	0.0	0.0	503.4	306.4	445.5	308.0
15:54:15, Wednesday, April 16, 2025	8.219	1402.5	1287.0	-	91.8	0.0	503.4	306.4	467.5	324.5	85.3	1.8	1.7	0.0	0.0	503.4	306.4	467.5	324.5
15:54:15, Wednesday, April 16, 2025	8.297	1408.0	1292.5	-	91.8	0.0	503.5	306.4	489.5	324.5	85.4	1.8	1.7	0.0	0.0	503.5	306.4	489.5	324.5
15:54:15, Wednesday, April 16, 2025	8.375	1402.5	1287.0	-	91.8	0.0	503.4	306.4	484.0	330.0	85.8	1.8	1.7	0.0	0.0	503.4	306.4	484.0	330.0
15:54:16, Wednesday, April 16, 2025	8.454	1424.5	1292.5	-	90.7	0.0	503.4	306.6	484.0	330.0	85.4	1.8	1.7	0.0	0.0	503.4	306.6	484.0	330.0
15:54:16, Wednesday, April 16, 2025	8.532	1408.0	1276.0	-	90.6	0.0	503.5	306.1	473.0	313.5	85.6	1.8	1.7	0.0	0.0	503.5	306.1	473.0	313.5
15:54:16, Wednesday, April 16, 2025	8.610	1430.0	1292.5	-	90.4	0.0	503.4	306.1	467.5	335.5	85.6	1.8	1.7	0.0	0.0	503.4	306.1	467.5	335.5
15:54:16, Wednesday, April 16, 2025	8.688	1402.5	1292.5	-	92.2	0.0	503.4	306.1	500.5	319.0	85.5	1.8	1.8	0.0	0.0	503.4	306.1	500.5	319.0
15:54:16, Wednesday, April 16, 2025	8.782	1413.5	1292.5	-	91.4	0.0	503.5	306.9	478.5	330.0	85.5	1.8	1.7	0.0	0.0	503.5	306.9	478.5	330.0
15:54:16, Wednesday, April 16, 2025	8.875	1419.0	1292.5	-	91.1	0.0	503.4	306.3	500.5	319.0	85.7	1.8	1.8	0.0	0.0	503.4	306.3	500.5	319.0
15:54:16, Wednesday, April 16, 2025	8.954	1408.0	1292.5	-	91.8	0.0	503.4	306.5	445.5	319.0	85.9	1.8	1.7	0.0	0.0	503.4	306.5	445.5	319.0
15:54:16, Wednesday, April 16, 2025	9.063	1408.0	1287.0	-	91.4	0.0	503.3	306.0	473.0	346.5	85.7	1.8	1.7	0.0	0.0	503.3	306.0	473.0	346.5
15:54:16, Wednesday, April 16, 2025	9.141	1419.0	1287.0	-	90.7	0.0	503.3	306.4	495.0	319.0	86.3	1.8	1.7	0.0	0.0	503.3	306.4	495.0	319.0
15:54:16, Wednesday, April 16, 2025	9.219	1397.0	1281.5	-	91.7	0.0	503.2	306.3	506.0	313.5	86.0	1.8	1.7	0.0	0.0	503.2	306.3	506.0	313.5
15:54:16, Wednesday, April 16, 2025	9.297	1408.0	1281.5	-	91.0	0.0	503.3	306.3	445.5	319.0	85.9	1.8	1.7	0.0	0.0	503.3	306.3	445.5	319.0
15:54:16, Wednesday, April 16, 2025	9.391	1408.0	1281.5	-	91.0	0.0	503.3	305.9	467.5	319.0	86.2	1.8	1.7	0.0	0.0	503.3	305.9	467.5	319.0
15:54:17, Wednesday, April 16, 2025	9.485	1402.5	1292.5	-	92.2	0.0	503.2	306.3	467.5	313.5	85.3	1.8	1.7	0.0	0.0	503.2	306.3	467.5	313.5
15:54:17, Wednesday, April 16, 2025	9.563	1408.0	1298.0	-	92.2	0.0	503.3	306.7	467.5	335.5	85.3	1.8	1.8	0.0	0.0	503.3	306.7	467.5	335.5
15:54:17, Wednesday, April 16, 2025	9.657	1430.0	1276.0	-	89.2	0.0	503.1	306.1	462.0	313.5	86.0	1.8	1.7	0.0	0.0	503.1	306.1	462.0	313.5
15:54:17, Wednesday, April 16, 2025	9.766	1419.0	1287.0	-	90.7	0.0	503.3	306.2	484.0	324.5	85.7	1.8	1.7	0.0	0.0	503.3	306.2	484.0	324.5
15:54:17, Wednesday, April 16, 2025	9.844	1408.0	1298.0	-	92.2	0.0	503.3	306.5	489.5	319.0	85.8	1.8	1.7	0.0	0.0	503.3	306.5	489.5	319.0
15:54:17, Wednesday, April 16, 2025	9.907	1408.0	1281.5	-	91.0	0.0	503.2	306.2	451.0	302.5	85.6	1.8	1.8	0.0	0.0	503.2	306.2	451.0	302.5
15:54:17, Wednesday, April 16, 2025	10.016	1402.5	1281.5	-	91.4	0.0	503.4	306.2	445.5	308.0	85.8	1.8	1.7	0.0	0.0	503.4	306.2	445.5	308.0
15:54:17, Wednesday, April 16, 2025	10.110	1430.0	1292.5	-	90.4	0.0	503.3	306.1	506.0	313.5	85.4	1.8	1.7	0.0	0.0	503.3	306.1	506.0	313.5
15:54:17, Wednesday, April 16, 2025	10.188	1413.5	1292.5	-	91.4	0.0	503.4	306.2	478.5	324.5	85.9	1.8	1.7	0.0	0.0	503.4	306.2	478.5	324.5
15:54:17, Wednesday, April 16, 2025	10.282	1419.0	1292.5	-	91.1	0.0	503.4	306.4	467.5	319.0	86.0	1.8	1.8	0.0	0.0	503.4	306.4	467.5	319.0
15:54:17, Wednesday, April 16, 2025	10.360	1408.0	1281.5	-	91.0	0.0	503.4	306.1	495.0	335.5	85.9	1.8	1.7	0.0	0.0	503.4	306.1	495.0	335.5
15:54:18, Wednesday, April 16, 2025	10.438	1402.5	1281.5	-	91.4	0.0	503.2	306.5	456.5	324.5	85.5	1.8	1.7	0.0	0.0	503.2	306.5	456.5	324.5
15:54:18, Wednesday, April 16, 2025	10.516	1408.0	1281.5	-	91.0	0.0	503.3	306.6	462.0	319.0	86.2	1.8	1.7	0.0	0.0	503.3	306.6	462.0	319.0
15:54:18, Wednesday, April 16, 2025	10.594	1408.0	1281.5	-	91.0	0.0	503.3	306.5	506.0	313.5	85.6	1.8	1.7	0.0	0.0	503.3	306.5	506.0	313.5
15:54:18, Wednesday, April 16, 2025	10.704	1402.5	1287.0	-	91.8	0.0	503.1	306.9	462.0	319.0	86.0	1.8	1.7	0.0	0.0	503.1	306.9	462.0	319.0
15:54:18, Wednesday, April 16, 2025	10.782	1391.5	1292.5	-	92.9	0.0	503.3	306.6	462.0	341.0	85.5	1.8	1.7	0.0	0.0	503.3	306.6	462.0	341.0
15:54:18, Wednesday, April 16, 2025	10.860	1424.5	1281.5	-	90.0	0.0	503.3	306.2	473.0	374.0	85.7	1.8	1.7	0.0	0.0	503.3	306.2	473.0	374.0
15:54:18, Wednesday, April 16, 2025	10.954	1391.5	1287.0	-	92.5	0.0	503.1	306.3	484.0	319.0	85.7	1.8	1.7	0.0	0.0	503.1	306.3	484.0	319.0
15:54:18, Wednesday, April 16, 2025	11.063	1424.5	1287.0	-	90.3	0.0	503.3	306.5	467.5	363.0	85.7	1.8	1.7	0.0	0.0	503.3	306.5	467.5	363.0
15:54:18, Wednesday, April 16, 2025	11.141	1408.0	1287.0	-	91.4	0.0	503.3	306.6	462.0	319.0	85.5	1.8	1.7	0.0	0.0	503.3	306.6	462.0	319.0
15:54:18, Wednesday, April 16, 2025	11.219	1424.5	1281.5	-	90.0	0.0	503.2	305.9	484.0	330.0	85.6	1.8	1.7	0.0	0.0	503.2	305.9	484.0	330.0
15:54:18, Wednesday, April 16, 2025	11.313	1397.0	1276.0	-	91.3	0.0	503.2	306.4	473.0	379.5	86.0	1.8	1.7	0.0	0.0	503.2	306.4	473.0	379.5
15:54:18, Wednesday, April 16, 2025	11.391	1402.5	1287.0	-	91.8	0.0	503.2	306.4	467.5	302.5	86.1	1.8	1.7	0.0	0.0	503.2	306.4	467.5	302.5
15:54:19, Wednesday, April 16, 2025	11.485	1413.5	1281.5	-	90.7	0.0	503.3	306.2	462.0	341.0	85.6	1.8	1.7	0.0	0.0	503.3	306.2	462.0	341.0
15:54:19, Wednesday, April 16, 2025	11.579	1408.0	1298.0	-	92.2	0.0	503.3	306.3	467.5	335.5	85.7	1.8	1.7	0.0	0.0	503.3	306.3	467.5	335.5
15:54:19, Wednesday, April 16, 2025	11.672	1430.0	1287.0	-	90.0	0.0	503.3	306.5	467.5	330.0	86.1	1.8	1.7	0.0	0.0	503.3	306.5	467.5	330.0
15:54:19, Wednesday, April 16, 2025	11.750	1413.5	1276.0	-	90.3	0.0	503.2	306.3	456.5	313.5	86.0	1.8	1.7	0.0	0.0	503.2	306.3	456.5	313.5
15:54:19, Wednesday, April 16, 2025	11.829	1402.5	1287.0	-	91.8	0.0	503.4	306.4	456.5	319.0	86.3	1.8	1.7	0.0	0.0	503.4	306.4	456.5	319.0
15:54:19, Wednesday, April 16, 2025	11.907	1413.5	1281.5	-	90.7	0.0	503.3	306.0	473.0	379.5	86.1	1.8	1.7	0.0	0.0	503.3	306.0	473.0	379.5
15:54:19, Wednesday, April 16, 2025	11.985	1419.0	1276.0	-	89.9	0.0	503.3	306.4	462.0	308.0	86.1	1.8	1.7	0.0	0.0	503.3	306.4	462.0	308.0
15:54:19, Wednesday, April 16, 2025	12.063	1419.0	1287.0	-	90.7	0.0	503.4	306.2	467.5	324.5	86.3	1.8	1.7	0.0	0.0	503.4	306.2	467.5	324.5
15:54:19, Wednesday, April 16, 2025	12.141	1408.0	1276.0	-	90.6	0.0	503.2	306.3	484.0	368.5	86.1	1.8	1.7	0.0	0.0	503.2	306.3	484.0	368.5
15:54:19, Wednesday, April 16, 2025	12.219	1419.0	1281.5	-	90.3	0.0	503.2	306.6	484.0	324.5	86.0	1.8	1.7	0.0	0.0	503.2	306.6	484.0	324.5
15:54:19, Wednesday, April 16, 2025	12.297	1402.5	1287.0	-	91.8	0.0	502.9	306.5	467.5	308.0	86.4	1.8	1.7	0.0	0.0	502.9	306.5	467.5	308.0
15:54:19, Wednesday, April 16, 2025	12.375	1424.5	1287.0	-	90.3	0.0	503.2	306.6	462.0	324.5	85.9	1.8	1.7	0.0	0.0	503.2	306.6	462.0	324.5
15:54:20, Wednesday, April 16, 2025	12.454	1419.0	1276.0	-	89.9	0.0	503.1	306.2	467.5	341.0	85.6	1.8	1.7	0.0	0.0	503.1	306.2	467.5	341.0
15:54:20, Wednesday, April 16, 2025	12.532	1408.0	1281.5	-	91.0	0.0	503.1	306.3	467.5	341.0	85.6	1.8	1.7	0.0	0.0	503.1	306.3	467.5	341.0
15:54:20, Wednesday, April 16, 2025	12.625	1408.0	1287.0	-	91.4	0.0	503.2	306.4	484.0	319.0	85.4	1.8	1.7	0.0	0.0	503.2	306.4	484.0	319.0
15:54:20, Wednesday, April 16, 2025	12.704	1397.0	1287.0	-	92.1	0.0	503.2	306.3	467.5	357.5	85.8	1.8	1.8	0.0	0.0	503.2	306.3	467.5	357.5
15:54:20, Wednesday, April 16, 2025	12.797	1413.5	1292.5	-	91.4	0.0	503.2	306.0	462.0	308.0	85.8	1.8	1.7	0.0	0.0	503.2	306.0	462.0	308.0
15:54:20, Wednesday, April 16, 2025	12.875	1408.0	1287.0	-	91.4	0.0	503.2	306.3	489.5	319.0	85.4	1.8	1.7	0.0	0.0	503.2	306.3	489.5	319.0
15:54:20, Wednesday, April 16, 2025	12.954	1408.0	1281.5	-	91.0	0.0	503.2	306.5	456.5	319.0	86.0	1.8	1.7	0.0	0.0	503.2	306.5	456.5	319.0
15:54:20, Wednesday, April 16, 2025	13.032	1408.0	1298.0	-	92.2	0.0	503.2	306.6	467.5	352.0	85.7	1.8	1.7	0.0	0.0	503.2	306.6	467.5	352.0
15:54:20, Wednesday, April 16, 2025	13.125	1408.0	1276.0	-	90.6	0.0	503.1	306.4	484.0	319.0	85.5	1.8	1.7	0.0	0.0	503.1	306.4	484.0	319.0
15:54:20, Wednesday, April 16, 2025	13.204	1402.5	1276.0	-	91.0	0.0	503.1	306.3	462.0	313.5	85.9	1.8	1.7	0.0	0.0	503.1	306.3	462.0	313.5
15:54:20, Wednesday, April 16, 2025	13.297	1402.5	1281.5	-	91.4	0.0	503.3	306.5	467.5	341.0	85.8	1.8	1.7	0.0	0.0	503.3	306.5	467.5	341.0
15:54:20, Wednesday, April 16, 2025	13.360	1408.0	1292.5	-	91.8	0.0	503.2	306.5	489.5	319.0	85.9	1.8	1.7	0.0	0.0	503.2	306.5	489.5	319.0
15:54:21, Wednesday, April 16, 2025	13.438	1402.5	1276.0	-	91.0	0.0	503.2	306.1	484.0	330.0	85.8	1.8	1.7	0.0	0.0	503.2	306.1	484.0	330.0
15:54:21, Wednesday, April 16, 2025	13.532	1413.5	1287.0	-	91.1	0.0	503.2	306.4	462.0	308.0	85.4	1.8	1.7	0.0	0.0	503.2	306.4	462.0	308.0
15:54:21, Wednesday, April 16, 2025	13.610	1408.0	1276.0	-	90.6	0.0	503.2	306.3	462.0	341.0	85.8	1.8	1.7	0.0	0.0	503.2	306.3	462.0	341.0
15:54:21, Wednesday, April 16, 2025	13.704	1419.0	1281.5	-	90.3	0.0	503.2	306.3	467.5	313.5	86.0	1.8	1.7	0.0	0.0	503.2	306.3	467.5	313.5
15:54:21, Wednesday, April 16, 2025	13.782	1430.0	1281.5	-	89.6	0.0	503.3	306.4	462.0	308.0	85.9	1.8	1.7	0.0	0.0	503.3	306.4	462.0	308.0
15:54:21, Wednesday, April 16, 2025	13.844	1402.5	1281.5	-	91.4	0.0	503.3	306.2	473.0	341.0	85.9	1.8	1.7	0.0	0.0	503.3	306.2	473.0	341.0
15:54:21, Wednesday, April 16, 2025	13.938	1408.0	1292.5	-	91.8	0.0	503.3	306.4	484.0	374.0	85.6	1.8	1.7	0.0	0.0	503.3	306.4	484.0	374.0
15:54:21, Wednesday, April 16, 2025	14.047	1430.0	1287.0	-	90.0	0.0	503.5	306.4	462.0	341.0	85.8	1.8	1.7	0.0	0.0	503.5	306.4	462.0	341.0
15:54:21, Wednesday, April 16, 2025	14.157	1413.5	1298.0	-	91.8	0.0	503.3	306.7	456.5	319.0	85.6	1.8	1.7	0.0	0.0	503.3	306.7	456.5	319.0
15:54:21, Wednesday, April 16, 2025	14.250	1413.5	1276.0	-	90.3	0.0	503.5	306.6	440.0	335.5	85.5	1.8	1.7	0.0	0.0	503.5	306.6	440.0	335.5
15:54:21, Wednesday, April 16, 2025	14.329	1408.0	1292.5	-	91.8	0.0	503.2	306.2	462.0	319.0	85.8	1.8	1.8	0.0	0.0	503.2	306.2	462.0	319.0
15:54:21, Wednesday, April 16, 2025	14.407	1413.5	1292.5	-	91.4	0.0	503.4	306.4	467.5	324.5	85.7	1.8	1.7	0.0	0.0	503.4	306.4	467.5	324.5
15:54:22, Wednesday, April 16, 2025	14.485	1397.0	1287.0	-	92.1	0.0	503.3	306.3	484.0	330.0	85.3	1.8	1.7	0.0	0.0	503.3	306.3	484.0	330.0
15:54:22, Wednesday, April 16, 2025	14.563	1408.0	1281.5	-	91.0	0.0	503.3	306.7	467.5	313.5	86.0	1.8	1.7	0.0	0.0	503.3	306.7	467.5	313.5
15:54:22, Wednesday, April 16, 2025	14.641	1408.0	1292.5	-	91.8	0.0	503.3	306.3	456.5	308.0	85.5	1.8	1.7	0.0	0.0	503.3	306.3	456.5	308.0
15:54:22, Wednesday, April 16, 2025	14.782	1413.5	1276.0	-	90.3	0.0	503.3	306.5	473.0	341.0	85.5	1.8	1.7	0.0	0.0	503.3	306.5	473.0	341.0
15:54:22, Wednesday, April 16, 2025	14.875	1402.5	1276.0	-	91.0	0.0	503.3	306.3	478.5	335.5	85.7	1.8	1.7	0.0	0.0	503.3	306.3	478.5	335.5
15:54:22, Wednesday, April 16, 2025	14.938	1408.0	1276.0	-	90.6	0.0	503.2	306.4	462.0	313.5	85.3	1.8	1.7	0.0	0.0	503.2	306.4	462.0	313.5
15:54:22, Wednesday, April 16, 2025	15.032	1424.5	1281.5	-	90.0	0.0	503.2	306.1	456.5	335.5	85.6	1.8	1.7	0.0	0.0	503.2	306.1	456.5	335.5
15:54:22, Wednesday, April 16, 2025	15.110	1402.5	1298.0	-	92.5	0.0	503.3	306.5	462.0	308.0	85.5	1.8	1.7	0.0	0.0	503.3	306.5	462.0	308.0
15:54:22, Wednesday, April 16, 2025	15.188	1408.0	1292.5	-	91.8	0.0	503.2	306.2	462.0	341.0	85.5	1.8	1.7	0.0	0.0	503.2	306.2	462.0	341.0
15:54:22, Wednesday, April 16, 2025	15.282	1419.0	1276.0	-	89.9	0.0	503.3	306.7	456.5	308.0	85.5	1.8	1.7	0.0	0.0	503.3	306.7	456.5	308.0
15:54:22, Wednesday, April 16, 2025	15.360	1402.5	1298.0	-	92.5	0.0	503.3	306.4	467.5	330.0	85.6	1.8	1.7	0.0	0.0	503.3	306.4	467.5	330.0
15:54:23, Wednesday, April 16, 2025	15.454	1413.5	1298.0	-	91.8	0.0	503.2	306.1	473.0	313.5	85.9	1.8	1.7	0.0	0.0	503.2	306.1	473.0	313.5
15:54:23, Wednesday, April 16, 2025	15.532	1408.0	1292.5	-	91.8	0.0	503.3	306.4	473.0	346.5	85.4	1.8	1.7	0.0	0.0	503.3	306.4	473.0	346.5
15:54:23, Wednesday, April 16, 2025	15.625	1413.5	1281.5	-	90.7	0.0	503.3	306.2	484.0	341.0	85.7	1.8	1.7	0.0	0.0	503.3	306.2	484.0	341.0
15:54:23, Wednesday, April 16, 2025	15.704	1402.5	1276.0	-	91.0	0.0	503.5	306.4	451.0	308.0	85.1	1.8	1.7	0.0	0.0	503.5	306.4	451.0	308.0
15:54:23, Wednesday, April 16, 2025	15.782	1408.0	1276.0	-	90.6	0.0	503.3	306.4	462.0	335.5	85.3	1.8	1.7	0.0	0.0	503.3	306.4	462.0	335.5
15:54:23, Wednesday, April 16, 2025	15.875	1419.0	1287.0	-	90.7	0.0	503.4	306.4	462.0	308.0	85.3	1.8	1.7	0.0	0.0	503.4	306.4	462.0	308.0
15:54:23, Wednesday, April 16, 2025	15.954	1397.0	1281.5	-	91.7	0.0	503.4	306.3	456.5	308.0	85.6	1.8	1.7	0.0	0.0	503.4	306.3	456.5	308.0
15:54:23, Wednesday, April 16, 2025	16.032	1424.5	1292.5	-	90.7	0.0	503.4	306.2	445.5	308.0	85.8	1.8	1.7	0.0	0.0	503.4	306.2	445.5	308.0
15:54:23, Wednesday, April 16, 2025	16.110	1397.0	1292.5	-	92.5	0.0	503.3	306.2	467.5	319.0	85.4	1.8	1.7	0.0	0.0	503.3	306.2	467.5	319.0
15:54:23, Wednesday, April 16, 2025	16.188	1402.5	1292.5	-	92.2	0.0	503.4	306.3	451.0	319.0	85.3	1.8	1.7	0.0	0.0	503.4	306.3	451.0	319.0
15:54:23, Wednesday, April 16, 2025	16.266	1413.5	1281.5	-	90.7	0.0	503.2	306.5	467.5	313.5	85.7	1.8	1.7	0.0	0.0	503.2	306.5	467.5	313.5
15:54:23, Wednesday, April 16, 2025	16.344	1402.5	1287.0	-	91.8	0.0	503.5	306.1	456.5	313.5	85.6	1.8	1.7	0.0	0.0	503.5	306.1	456.5	313.5
15:54:24, Wednesday, April 16, 2025	16.454	1402.5	1281.5	-	91.4	0.0	503.4	306.3	478.5	330.0	85.5	1.8	1.7	0.0	0.0	503.4	306.3	478.5	330.0
15:54:24, Wednesday, April 16, 2025	16.563	1402.5	1287.0	-	91.8	0.0	503.3	306.3	495.0	335.5	85.8	1.8	1.7	0.0	0.0	503.3	306.3	495.0	335.5
15:54:24, Wednesday, April 16, 2025	16.657	1408.0	1281.5	-	91.0	0.0	503.3	306.3	484.0	324.5	85.9	1.8	1.7	0.0	0.0	503.3	306.3	484.0	324.5
15:54:24, Wednesday, April 16, 2025	16.735	1408.0	1287.0	-	91.4	0.0	503.3	306.0	456.5	330.0	85.6	1.8	1.8	0.0	0.0	503.3	306.0	456.5	330.0
15:54:24, Wednesday, April 16, 2025	16.829	1402.5	1298.0	-	92.5	0.0	503.3	306.4	467.5	374.0	85.5	1.8	1.7	0.0	0.0	503.3	306.4	467.5	374.0
15:54:24, Wednesday, April 16, 2025	16.907	1408.0	1298.0	-	92.2	0.0	503.1	306.4	484.0	330.0	85.4	1.8	1.8	0.0	0.0	503.1	306.4	484.0	330.0
15:54:24, Wednesday, April 16, 2025	16.985	1408.0	1276.0	-	90.6	0.0	503.2	306.3	495.0	330.0	85.4	1.8	1.7	0.0	0.0	503.2	306.3	495.0	330.0
15:54:24, Wednesday, April 16, 2025	17.063	1402.5	1292.5	-	92.2	0.0	503.2	306.1	467.5	313.5	85.6	1.8	1.7	0.0	0.0	503.2	306.1	467.5	313.5
15:54:24, Wednesday, April 16, 2025	17.141	1402.5	1287.0	-	91.8	0.0	503.4	306.1	456.5	308.0	85.8	1.8	1.7	0.0	0.0	503.4	306.1	456.5	308.0
15:54:24, Wednesday, April 16, 2025	17.219	1408.0	1281.5	-	91.0	0.0	503.3	306.4	495.0	335.5	85.6	1.8	1.7	0.0	0.0	503.3	306.4	495.0	335.5
15:54:24, Wednesday, April 16, 2025	17.313	1402.5	1292.5	-	92.2	0.0	503.3	306.2	456.5	319.0	85.7	1.8	1.7	0.0	0.0	503.3	306.2	456.5	319.0
15:54:24, Wednesday, April 16, 2025	17.407	1402.5	1281.5	-	91.4	0.0	503.3	306.4	467.5	335.5	86.3	1.8	1.7	0.0	0.0	503.3	306.4	467.5	335.5
15:54:25, Wednesday, April 16, 2025	17.500	1419.0	1292.5	-	91.1	0.0	503.1	306.3	445.5	319.0	85.4	1.8	1.7	0.0	0.0	503.1	306.3	445.5	319.0
15:54:25, Wednesday, April 16, 2025	17.579	1430.0	1292.5	-	90.4	0.0	503.1	306.4	467.5	352.0	85.5	1.8	1.7	0.0	0.0	503.1	306.4	467.5	352.0
15:54:25, Wednesday, April 16, 2025	17.657	1408.0	1281.5	-	91.0	0.0	503.3	306.2	467.5	308.0	85.8	1.8	1.7	0.0	0.0	503.3	306.2	467.5	308.0
15:54:25, Wednesday, April 16, 2025	17.735	1408.0	1292.5	-	91.8	0.0	503.3	306.3	467.5	324.5	85.4	1.8	1.7	0.0	0.0	503.3	306.3	467.5	324.5
15:54:25, Wednesday, April 16, 2025	17.829	1408.0	1287.0	-	91.4	0.0	503.1	306.2	473.0	330.0	85.4	1.8	1.7	0.0	0.0	503.1	306.2	473.0	330.0
15:54:25, Wednesday, April 16, 2025	17.907	1402.5	1292.5	-	92.2	0.0	503.2	306.3	473.0	374.0	85.4	1.8	1.7	0.0	0.0	503.2	306.3	473.0	374.0
15:54:25, Wednesday, April 16, 2025	17.985	1408.0	1281.5	-	91.0	0.0	503.2	306.5	456.5	341.0	85.8	1.8	1.7	0.0	0.0	503.2	306.5	456.5	341.0
15:54:25, Wednesday, April 16, 2025	18.063	1408.0	1276.0	-	90.6	0.0	503.1	306.4	473.0	341.0	85.6	1.8	1.8	0.0	0.0	503.1	306.4	473.0	341.0
15:54:25, Wednesday, April 16, 2025	18.141	1408.0	1276.0	-	90.6	0.0	503.2	306.2	462.0	308.0	86.2	1.8	1.8	0.0	0.0	503.2	306.2	462.0	308.0
15:54:25, Wednesday, April 16, 2025	18.219	1408.0	1281.5	-	91.0	0.0	503.1	306.1	467.5	352.0	85.7	1.8	1.7	0.0	0.0	503.1	306.1	467.5	352.0
15:54:25, Wednesday, April 16, 2025	18.329	1402.5	1287.0	-	91.8	0.0	503.0	306.3	445.5	308.0	85.9	1.8	1.7	0.0	0.0	503.0	306.3	445.5	308.0
15:54:25, Wednesday, April 16, 2025	18.407	1402.5	1292.5	-	92.2	0.0	503.1	306.2	456.5	302.5	85.7	1.8	1.7	0.0	0.0	503.1	306.2	456.5	302.5
15:54:26, Wednesday, April 16, 2025	18.500	1402.5	1287.0	-	91.8	0.0	503.0	306.4	456.5	335.5	85.8	1.8	1.7	0.0	0.0	503.0	306.4	456.5	335.5
15:54:26, Wednesday, April 16, 2025	18.579	1408.0	1281.5	-	91.0	0.0	503.0	306.1	462.0	341.0	86.2	1.8	1.8	0.0	0.0	503.0	306.1	462.0	341.0
15:54:26, Wednesday, April 16, 2025	18.641	1397.0	1281.5	-	91.7	0.0	503.1	306.6	495.0	302.5	85.5	1.8	1.7	0.0	0.0	503.1	306.6	495.0	302.5
15:54:26, Wednesday, April 16, 2025	18.766	1413.5	1287.0	-	91.1	0.0	502.9	306.0	445.5	308.0	85.3	1.8	1.7	0.0	0.0	502.9	306.0	445.5	308.0
15:54:26, Wednesday, April 16, 2025	18.875	1413.5	1281.5	-	90.7	0.0	503.2	306.2	456.5	324.5	86.0	1.8	1.7	0.0	0.0	503.2	306.2	456.5	324.5
15:54:26, Wednesday, April 16, 2025	18.954	1402.5	1287.0	-	91.8	0.0	503.2	306.2	456.5	319.0	85.8	1.8	1.7	0.0	0.0	503.2	306.2	456.5	319.0
15:54:26, Wednesday, April 16, 2025	19.047	1397.0	1292.5	-	92.5	0.0	503.2	306.1	462.0	330.0	85.8	1.8	1.7	0.0	0.0	503.2	306.1	462.0	330.0
15:54:26, Wednesday, April 16, 2025	19.141	1424.5	1287.0	-	90.3	0.0	503.0	306.3	462.0	330.0	85.7	1.8	1.7	0.0	0.0	503.0	306.3	462.0	330.0
15:54:26, Wednesday, April 16, 2025	19.204	1413.5	1303.5	-	92.2	0.0	503.2	306.1	462.0	330.0	85.6	1.8	1.7	0.0	0.0	503.2	306.1	462.0	330.0
15:54:26, Wednesday, April 16, 2025	19.297	1402.5	1292.5	-	92.2	0.0	503.2	306.1	456.5	313.5	86.1	1.8	1.7	0.0	0.0	503.2	306.1	456.5	313.5
15:54:26, Wednesday, April 16, 2025	19.407	1419.0	1292.5	-	91.1	0.0	503.0	306.5	456.5	297.0	85.6	1.8	1.7	0.0	0.0	503.0	306.5	456.5	297.0
15:54:27, Wednesday, April 16, 2025	19.485	1413.5	1276.0	-	90.3	0.0	503.2	306.1	467.5	313.5	85.8	1.8	1.7	0.0	0.0	503.2	306.1	467.5	313.5
15:54:27, Wednesday, April 16, 2025	19.563	1408.0	1287.0	-	91.4	0.0	503.1	306.3	462.0	308.0	86.0	1.8	1.7	0.0	0.0	503.1	306.3	462.0	308.0
15:54:27, Wednesday, April 16, 2025	19.641	1419.0	1281.5	-	90.3	0.0	503.1	306.1	456.5	335.5	85.4	1.8	1.7	0.0	0.0	503.1	306.1	456.5	335.5
15:54:27, Wednesday, April 16, 2025	19.735	1408.0	1298.0	-	92.2	0.0	503.0	306.4	484.0	324.5	85.4	1.8	1.7	0.0	0.0	503.0	306.4	484.0	324.5
15:54:27, Wednesday, April 16, 2025	19.813	1408.0	1298.0	-	92.2	0.0	503.0	306.3	484.0	330.0	85.5	1.8	1.7	0.0	0.0	503.0	306.3	484.0	330.0
15:54:27, Wednesday, April 16, 2025	19.907	1408.0	1309.0	-	93.0	0.0	503.2	306.4	484.0	368.5	85.6	1.8	1.8	0.0	0.0	503.2	306.4	484.0	368.5
15:54:27, Wednesday, April 16, 2025	19.985	1408.0	1298.0	-	92.2	0.0	503.1	306.1	484.0	341.0	85.5	1.8	1.7	0.0	0.0	503.1	306.1	484.0	341.0
15:54:27, Wednesday, April 16, 2025	20.079	1402.5	1298.0	-	92.5	0.0	503.0	306.1	462.0	313.5	85.4	1.8	1.7	0.0	0.0	503.0	306.1	462.0	313.5
15:54:27, Wednesday, April 16, 2025	20.141	1424.5	1298.0	-	91.1	0.0	502.8	306.3	495.0	335.5	85.8	1.8	1.7	0.0	0.0	502.8	306.3	495.0	335.5
15:54:27, Wednesday, April 16, 2025	20.235	1397.0	1298.0	-	92.9	0.0	503.1	306.1	451.0	313.5	85.7	1.8	1.7	0.0	0.0	503.1	306.1	451.0	313.5
15:54:27, Wednesday, April 16, 2025	20.344	1402.5	1281.5	-	91.4	0.0	503.2	306.0	484.0	324.5	85.8	1.8	1.7	0.0	0.0	503.2	306.0	484.0	324.5
15:54:27, Wednesday, April 16, 2025	20.422	1424.5	1281.5	-	90.0	0.0	503.2	306.4	462.0	308.0	85.8	1.8	1.8	0.0	0.0	503.2	306.4	462.0	308.0
15:54:28, Wednesday, April 16, 2025	20.500	1419.0	1281.5	-	90.3	0.0	503.0	306.6	456.5	308.0	85.5	1.8	1.8	0.0	0.0	503.0	306.6	456.5	308.0
15:54:28, Wednesday, April 16, 2025	20.579	1408.0	1287.0	-	91.4	0.0	503.1	305.9	462.0	319.0	85.3	1.8	1.7	0.0	0.0	503.1	305.9	462.0	319.0
15:54:28, Wednesday, April 16, 2025	20.657	1419.0	1292.5	-	91.1	0.0	503.1	306.3	467.5	313.5	85.6	1.8	1.7	0.0	0.0	503.1	306.3	467.5	313.5
15:54:28, Wednesday, April 16, 2025	20.750	1402.5	1287.0	-	91.8	0.0	503.1	305.9	456.5	313.5	85.4	1.8	1.7	0.0	0.0	503.1	305.9	456.5	313.5
15:54:28, Wednesday, April 16, 2025	20.844	1408.0	1292.5	-	91.8	0.0	503.4	306.2	462.0	308.0	85.7	1.8	1.7	0.0	0.0	503.4	306.2	462.0	308.0
15:54:28, Wednesday, April 16, 2025	20.922	1408.0	1265.0	-	89.8	0.0	503.3	306.4	451.0	308.0	85.9	1.8	1.7	0.0	0.0	503.3	306.4	451.0	308.0
15:54:28, Wednesday, April 16, 2025	21.016	1402.5	1281.5	-	91.4	0.0	503.3	306.4	456.5	313.5	85.8	1.8	1.7	0.0	0.0	503.3	306.4	456.5	313.5
15:54:28, Wednesday, April 16, 2025	21.094	1413.5	1287.0	-	91.1	0.0	503.2	306.3	467.5	330.0	85.3	1.8	1.7	0.0	0.0	503.2	306.3	467.5	330.0
15:54:28, Wednesday, April 16, 2025	21.172	1430.0	1287.0	-	90.0	0.0	503.2	306.0	478.5	330.0	85.4	1.8	1.7	0.0	0.0	503.2	306.0	478.5	330.0
15:54:28, Wednesday, April 16, 2025	21.266	1408.0	1276.0	-	90.6	0.0	503.3	306.0	467.5	335.5	85.9	1.8	1.8	0.0	0.0	503.3	306.0	467.5	335.5
15:54:28, Wednesday, April 16, 2025	21.375	1408.0	1281.5	-	91.0	0.0	503.0	306.4	445.5	319.0	85.8	1.8	1.7	0.0	0.0	503.0	306.4	445.5	319.0
15:54:29, Wednesday, April 16, 2025	21.485	1413.5	1276.0	-	90.3	0.0	503.3	306.3	456.5	308.0	85.8	1.8	1.7	0.0	0.0	503.3	306.3	456.5	308.0
15:54:29, Wednesday, April 16, 2025	21.594	1413.5	1281.5	-	90.7	0.0	503.2	306.3	467.5	302.5	86.1	1.8	1.7	0.0	0.0	503.2	306.3	467.5	302.5
15:54:29, Wednesday, April 16, 2025	21.719	1402.5	1287.0	-	91.8	0.0	503.3	306.2	462.0	313.5	86.0	1.8	1.7	0.0	0.0	503.3	306.2	462.0	313.5
15:54:29, Wednesday, April 16, 2025	21.829	1419.0	1281.5	-	90.3	0.0	503.2	306.4	500.5	335.5	85.5	1.8	1.7	0.0	0.0	503.2	306.4	500.5	335.5
15:54:29, Wednesday, April 16, 2025	21.938	1419.0	1281.5	-	90.3	0.0	503.2	306.5	462.0	319.0	86.2	1.8	1.7	0.0	0.0	503.2	306.5	462.0	319.0
15:54:29, Wednesday, April 16, 2025	22.032	1408.0	1276.0	-	90.6	0.0	503.2	306.3	473.0	313.5	85.7	1.8	1.7	0.0	0.0	503.2	306.3	473.0	313.5
15:54:29, Wednesday, April 16, 2025	22.110	1413.5	1281.5	-	90.7	0.0	503.1	306.0	489.5	319.0	85.9	1.8	1.7	0.0	0.0	503.1	306.0	489.5	319.0
15:54:29, Wednesday, April 16, 2025	22.204	1413.5	1281.5	-	90.7	0.0	503.2	306.0	467.5	308.0	85.8	1.8	1.7	0.0	0.0	503.2	306.0	467.5	308.0
15:54:29, Wednesday, April 16, 2025	22.282	1408.0	1287.0	-	91.4	0.0	503.2	306.2	467.5	313.5	85.7	1.8	1.7	0.0	0.0	503.2	306.2	467.5	313.5
15:54:29, Wednesday, April 16, 2025	22.360	1424.5	1281.5	-	90.0	0.0	503.1	306.4	489.5	319.0	85.7	1.8	1.7	0.0	0.0	503.1	306.4	489.5	319.0
15:54:30, Wednesday, April 16, 2025	22.469	1408.0	1292.5	-	91.8	0.0	503.2	306.1	489.5	319.0	85.7	1.8	1.7	0.0	0.0	503.2	306.1	489.5	319.0
15:54:30, Wednesday, April 16, 2025	22.547	1413.5	1287.0	-	91.1	0.0	503.2	306.3	462.0	330.0	85.8	1.8	1.7	0.0	0.0	503.2	306.3	462.0	330.0
15:54:30, Wednesday, April 16, 2025	22.625	1424.5	1281.5	-	90.0	0.0	503.0	306.2	484.0	330.0	86.0	1.8	1.7	0.0	0.0	503.0	306.2	484.0	330.0
15:54:30, Wednesday, April 16, 2025	22.719	1419.0	1276.0	-	89.9	0.0	503.1	306.3	456.5	313.5	85.7	1.8	1.7	0.0	0.0	503.1	306.3	456.5	313.5
15:54:30, Wednesday, April 16, 2025	22.797	1419.0	1276.0	-	89.9	0.0	503.2	306.7	456.5	335.5	85.9	1.8	1.7	0.0	0.0	503.2	306.7	456.5	335.5
15:54:30, Wednesday, April 16, 2025	22.922	1402.5	1281.5	-	91.4	0.0	503.1	306.1	462.0	324.5	85.8	1.8	1.7	0.0	0.0	503.1	306.1	462.0	324.5
15:54:30, Wednesday, April 16, 2025	23.032	1402.5	1287.0	-	91.8	0.0	503.1	306.3	456.5	313.5	85.8	1.8	1.7	0.0	0.0	503.1	306.3	456.5	313.5
15:54:30, Wednesday, April 16, 2025	23.110	1391.5	1281.5	-	92.1	0.0	503.1	306.2	467.5	324.5	85.7	1.8	1.7	0.0	0.0	503.1	306.2	467.5	324.5
15:54:30, Wednesday, April 16, 2025	23.204	1408.0	1292.5	-	91.8	0.0	503.1	306.3	467.5	313.5	85.6	1.8	1.7	0.0	0.0	503.1	306.3	467.5	313.5
15:54:30, Wednesday, April 16, 2025	23.282	1408.0	1276.0	-	90.6	0.0	503.2	306.4	462.0	319.0	85.9	1.8	1.7	0.0	0.0	503.2	306.4	462.0	319.0
15:54:30, Wednesday, April 16, 2025	23.360	1402.5	1281.5	-	91.4	0.0	503.0	306.5	456.5	335.5	86.1	1.8	1.7	0.0	0.0	503.0	306.5	456.5	335.5
15:54:31, Wednesday, April 16, 2025	23.454	1402.5	1309.0	-	93.3	0.0	503.2	306.3	456.5	313.5	85.9	1.8	1.8	0.0	0.0	503.2	306.3	456.5	313.5
15:54:31, Wednesday, April 16, 2025	23.532	1408.0	1287.0	-	91.4	0.0	503.0	306.1	467.5	319.0	85.8	1.8	1.7	0.0	0.0	503.0	306.1	467.5	319.0
15:54:31, Wednesday, April 16, 2025	23.625	1419.0	1276.0	-	89.9	0.0	503.1	306.1	495.0	319.0	85.9	1.8	1.8	0.0	0.0	503.1	306.1	495.0	319.0
15:54:31, Wednesday, April 16, 2025	23.704	1419.0	1292.5	-	91.1	0.0	503.1	306.5	495.0	308.0	85.6	1.8	1.7	0.0	0.0	503.1	306.5	495.0	308.0
15:54:31, Wednesday, April 16, 2025	23.782	1402.5	1287.0	-	91.8	0.0	503.2	306.5	462.0	319.0	86.0	1.8	1.7	0.0	0.0	503.2	306.5	462.0	319.0
15:54:31, Wednesday, April 16, 2025	23.891	1408.0	1287.0	-	91.4	0.0	503.1	306.2	462.0	324.5	86.1	1.8	1.7	0.0	0.0	503.1	306.2	462.0	324.5
15:54:31, Wednesday, April 16, 2025	23.985	1408.0	1281.5	-	91.0	0.0	503.2	306.4	484.0	319.0	85.6	1.8	1.7	0.0	0.0	503.2	306.4	484.0	319.0
15:54:31, Wednesday, April 16, 2025	24.079	1402.5	1281.5	-	91.4	0.0	503.1	306.5	451.0	297.0	86.1	1.8	1.7	0.0	0.0	503.1	306.5	451.0	297.0
15:54:31, Wednesday, April 16, 2025	24.157	1402.5	1281.5	-	91.4	0.0	503.1	306.3	451.0	308.0	86.1	1.8	1.7	0.0	0.0	503.1	306.3	451.0	308.0
15:54:31, Wednesday, April 16, 2025	24.235	1402.5	1287.0	-	91.8	0.0	503.0	306.6	484.0	324.5	85.8	1.8	1.7	0.0	0.0	503.0	306.6	484.0	324.5
15:54:31, Wednesday, April 16, 2025	24.313	1419.0	1287.0	-	90.7	0.0	503.1	306.4	462.0	308.0	85.7	1.8	1.8	0.0	0.0	503.1	306.4	462.0	308.0
15:54:31, Wednesday, April 16, 2025	24.407	1402.5	1287.0	-	91.8	0.0	503.1	306.3	467.5	335.5	85.9	1.8	1.7	0.0	0.0	503.1	306.3	467.5	335.5
15:54:32, Wednesday, April 16, 2025	24.485	1408.0	1287.0	-	91.4	0.0	503.1	306.6	467.5	374.0	85.9	1.8	1.7	0.0	0.0	503.1	306.6	467.5	374.0
15:54:32, Wednesday, April 16, 2025	24.563	1402.5	1292.5	-	92.2	0.0	503.1	306.5	473.0	363.0	85.8	1.8	1.7	0.0	0.0	503.1	306.5	473.0	363.0
15:54:32, Wednesday, April 16, 2025	24.641	1402.5	1287.0	-	91.8	0.0	503.2	306.2	473.0	368.5	85.9	1.8	1.8	0.0	0.0	503.2	306.2	473.0	368.5
15:54:32, Wednesday, April 16, 2025	24.735	1408.0	1287.0	-	91.4	0.0	503.1	306.4	462.0	313.5	86.1	1.8	1.7	0.0	0.0	503.1	306.4	462.0	313.5
15:54:32, Wednesday, April 16, 2025	24.813	1402.5	1281.5	-	91.4	0.0	503.4	306.5	451.0	308.0	85.9	1.8	1.7	0.0	0.0	503.4	306.5	451.0	308.0
15:54:32, Wednesday, April 16, 2025	24.907	1408.0	1292.5	-	91.8	0.0	503.1	306.3	451.0	308.0	86.0	1.8	1.7	0.0	0.0	503.1	306.3	451.0	308.0
15:54:32, Wednesday, April 16, 2025	24.985	1419.0	1276.0	-	89.9	0.0	503.1	306.7	462.0	313.5	86.1	1.8	1.7	0.0	0.0	503.1	306.7	462.0	313.5
15:54:32, Wednesday, April 16, 2025	25.079	1402.5	1281.5	-	91.4	0.0	503.3	306.4	467.5	308.0	85.5	1.8	1.8	0.0	0.0	503.3	306.4	467.5	308.0
15:54:32, Wednesday, April 16, 2025	25.157	1402.5	1287.0	-	91.8	0.0	503.2	306.3	467.5	374.0	86.6	1.8	1.8	0.0	0.0	503.2	306.3	467.5	374.0
15:54:32, Wednesday, April 16, 2025	25.235	1408.0	1287.0	-	91.4	0.0	503.1	306.4	467.5	308.0	85.8	1.8	1.7	0.0	0.0	503.1	306.4	467.5	308.0
15:54:32, Wednesday, April 16, 2025	25.329	1408.0	1292.5	-	91.8	0.0	503.0	306.4	473.0	341.0	85.8	1.8	1.7	0.0	0.0	503.0	306.4	473.0	341.0
15:54:32, Wednesday, April 16, 2025	25.407	1408.0	1298.0	-	92.2	0.0	503.1	306.2	489.5	324.5	85.8	1.8	1.7	0.0	0.0	503.1	306.2	489.5	324.5
15:54:33, Wednesday, April 16, 2025	25.485	1408.0	1292.5	-	91.8	0.0	503.3	306.3	462.0	313.5	85.7	1.8	1.7	0.0	0.0	503.3	306.3	462.0	313.5
15:54:33, Wednesday, April 16, 2025	25.563	1402.5	1287.0	-	91.8	0.0	503.1	306.2	440.0	335.5	85.4	1.8	1.7	0.0	0.0	503.1	306.2	440.0	335.5
15:54:33, Wednesday, April 16, 2025	25.657	1413.5	1270.5	-	89.9	0.0	503.1	306.2	473.0	368.5	85.6	1.8	1.7	0.0	0.0	503.1	306.2	473.0	368.5
15:54:33, Wednesday, April 16, 2025	25.750	1402.5	1281.5	-	91.4	0.0	503.0	306.5	451.0	313.5	85.9	1.8	1.7	0.0	0.0	503.0	306.5	451.0	313.5
15:54:33, Wednesday, April 16, 2025	25.813	1408.0	1287.0	-	91.4	0.0	503.1	306.4	478.5	324.5	85.9	1.8	1.7	0.0	0.0	503.1	306.4	478.5	324.5
15:54:33, Wednesday, April 16, 2025	25.907	1408.0	1287.0	-	91.4	0.0	503.2	306.4	484.0	324.5	85.3	1.8	1.7	0.0	0.0	503.2	306.4	484.0	324.5
15:54:33, Wednesday, April 16, 2025	25.969	1408.0	1281.5	-	91.0	0.0	503.3	306.5	462.0	324.5	85.8	1.8	1.7	0.0	0.0	503.3	306.5	462.0	324.5
15:54:33, Wednesday, April 16, 2025	26.079	1402.5	1281.5	-	91.4	0.0	503.1	306.4	456.5	319.0	85.7	1.8	1.7	0.0	0.0	503.1	306.4	456.5	319.0
15:54:33, Wednesday, April 16, 2025	26.141	1408.0	1281.5	-	91.0	0.0	503.3	306.3	445.5	313.5	85.9	1.8	1.7	0.0	0.0	503.3	306.3	445.5	313.5
15:54:33, Wednesday, April 16, 2025	26.235	1408.0	1276.0	-	90.6	0.0	503.3	306.6	467.5	302.5	86.0	1.8	1.7	0.0	0.0	503.3	306.6	467.5	302.5
15:54:33, Wednesday, April 16, 2025	26.329	1408.0	1292.5	-	91.8	0.0	503.2	306.4	451.0	302.5	85.6	1.8	1.8	0.0	0.0	503.2	306.4	451.0	302.5
15:54:33, Wednesday, April 16, 2025	26.422	1402.5	1281.5	-	91.4	0.0	503.3	306.6	467.5	330.0	85.8	1.8	1.7	0.0	0.0	503.3	306.6	467.5	330.0
15:54:34, Wednesday, April 16, 2025	26.500	1424.5	1287.0	-	90.3	0.0	503.1	306.4	478.5	330.0	85.7	1.8	1.7	0.0	0.0	503.1	306.4	478.5	330.0
15:54:34, Wednesday, April 16, 2025	26.594	1386.0	1292.5	-	93.3	0.0	503.2	306.2	511.5	319.0	86.0	1.8	1.8	0.0	0.0	503.2	306.2	511.5	319.0
15:54:34, Wednesday, April 16, 2025	26.672	1402.5	1292.5	-	92.2	0.0	503.1	306.3	467.5	308.0	85.7	1.8	1.7	0.0	0.0	503.1	306.3	467.5	308.0
15:54:34, Wednesday, April 16, 2025	26.750	1419.0	1281.5	-	90.3	0.0	503.2	306.3	473.0	341.0	86.0	1.8	1.7	0.0	0.0	503.2	306.3	473.0	341.0
15:54:34, Wednesday, April 16, 2025	26.829	1402.5	1298.0	-	92.5	0.0	503.2	306.2	495.0	335.5	85.7	1.8	1.7	0.0	0.0	503.2	306.2	495.0	335.5
15:54:34, Wednesday, April 16, 2025	26.907	1408.0	1287.0	-	91.4	0.0	503.2	306.4	467.5	319.0	86.1	1.8	1.7	0.0	0.0	503.2	306.4	467.5	319.0
15:54:34, Wednesday, April 16, 2025	26.985	1408.0	1276.0	-	90.6	0.0	503.0	306.6	456.5	335.5	86.4	1.8	1.8	0.0	0.0	503.0	306.6	456.5	335.5
15:54:34, Wednesday, April 16, 2025	27.063	1391.5	1287.0	-	92.5	0.0	503.2	306.5	478.5	341.0	85.9	1.8	1.7	0.0	0.0	503.2	306.5	478.5	341.0
15:54:34, Wednesday, April 16, 2025	27.157	1408.0	1292.5	-	91.8	0.0	503.2	306.2	440.0	335.5	86.3	1.8	1.7	0.0	0.0	503.2	306.2	440.0	335.5
15:54:34, Wednesday, April 16, 2025	27.250	1424.5	1292.5	-	90.7	0.0	503.3	305.9	462.0	319.0	85.8	1.8	1.7	0.0	0.0	503.3	305.9	462.0	319.0
15:54:34, Wednesday, April 16, 2025	27.375	1391.5	1287.0	-	92.5	0.0	503.2	306.0	467.5	335.5	85.8	1.7	1.7	0.0	0.0	503.2	306.0	467.5	335.5
15:54:35, Wednesday, April 16, 2025	27.469	1413.5	1276.0	-	90.3	0.0	503.3	306.3	462.0	313.5	85.6	1.8	1.7	0.0	0.0	503.3	306.3	462.0	313.5
15:54:35, Wednesday, April 16, 2025	27.547	1402.5	1281.5	-	91.4	0.0	503.4	306.1	484.0	319.0	85.9	1.8	1.7	0.0	0.0	503.4	306.1	484.0	319.0
15:54:35, Wednesday, April 16, 2025	27.625	1413.5	1281.5	-	90.7	0.0	503.0	306.1	462.0	308.0	86.2	1.8	1.8	0.0	0.0	503.0	306.1	462.0	308.0
15:54:35, Wednesday, April 16, 2025	27.704	1408.0	1287.0	-	91.4	0.0	503.2	306.2	467.5	319.0	85.9	1.8	1.7	0.0	0.0	503.2	306.2	467.5	319.0
15:54:35, Wednesday, April 16, 2025	27.797	1408.0	1270.5	-	90.2	0.0	503.2	306.1	456.5	324.5	86.1	1.8	1.7	0.0	0.0	503.2	306.1	456.5	324.5
15:54:35, Wednesday, April 16, 2025	27.875	1408.0	1281.5	-	91.0	0.0	503.0	306.3	456.5	308.0	86.0	1.8	1.7	0.0	0.0	503.0	306.3	456.5	308.0
15:54:35, Wednesday, April 16, 2025	27.954	1397.0	1281.5	-	91.7	0.0	503.1	306.1	467.5	302.5	86.2	1.8	1.8	0.0	0.0	503.1	306.1	467.5	302.5
15:54:35, Wednesday, April 16, 2025	28.047	1408.0	1281.5	-	91.0	0.0	503.2	306.5	445.5	308.0	85.7	1.8	1.7	0.0	0.0	503.2	306.5	445.5	308.0
15:54:35, Wednesday, April 16, 2025	28.125	1424.5	1287.0	-	90.3	0.0	503.1	306.3	462.0	313.5	86.5	1.8	1.7	0.0	0.0	503.1	306.3	462.0	313.5
15:54:35, Wednesday, April 16, 2025	28.219	1402.5	1281.5	-	91.4	0.0	502.9	306.3	467.5	330.0	85.7	1.8	1.7	0.0	0.0	502.9	306.3	467.5	330.0
15:54:35, Wednesday, April 16, 2025	28.297	1408.0	1276.0	-	90.6	0.0	503.2	305.9	467.5	324.5	86.4	1.8	1.7	0.0	0.0	503.2	305.9	467.5	324.5
15:54:35, Wednesday, April 16, 2025	28.391	1408.0	1276.0	-	90.6	0.0	503.3	306.4	462.0	324.5	86.2	1.8	1.7	0.0	0.0	503.3	306.4	462.0	324.5
15:54:36, Wednesday, April 16, 2025	28.469	1408.0	1287.0	-	91.4	0.0	503.1	306.6	467.5	308.0	86.5	1.8	1.7	0.0	0.0	503.1	306.6	467.5	308.0
15:54:36, Wednesday, April 16, 2025	28.547	1408.0	1281.5	-	91.0	0.0	503.1	306.2	456.5	319.0	85.8	1.8	1.7	0.0	0.0	503.1	306.2	456.5	319.0
15:54:36, Wednesday, April 16, 2025	28.625	1424.5	1270.5	-	89.2	0.0	503.0	306.4	467.5	308.0	85.9	1.8	1.7	0.0	0.0	503.0	306.4	467.5	308.0
15:54:36, Wednesday, April 16, 2025	28.704	1402.5	1281.5	-	91.4	0.0	503.2	306.2	495.0	335.5	85.9	1.8	1.7	0.0	0.0	503.2	306.2	495.0	335.5
15:54:36, Wednesday, April 16, 2025	28.782	1419.0	1287.0	-	90.7	0.0	503.1	306.4	467.5	324.5	85.8	1.8	1.7	0.0	0.0	503.1	306.4	467.5	324.5
15:54:36, Wednesday, April 16, 2025	28.875	1402.5	1287.0	-	91.8	0.0	503.2	306.3	478.5	324.5	86.0	1.8	1.7	0.0	0.0	503.2	306.3	478.5	324.5
15:54:36, Wednesday, April 16, 2025	28.954	1408.0	1292.5	-	91.8	0.0	503.1	306.2	462.0	319.0	85.7	1.8	1.8	0.0	0.0	503.1	306.2	462.0	319.0
15:54:36, Wednesday, April 16, 2025	29.032	1419.0	1281.5	-	90.3	0.0	503.3	306.6	478.5	324.5	85.7	1.8	1.7	0.0	0.0	503.3	306.6	478.5	324.5
15:54:36, Wednesday, April 16, 2025	29.110	1408.0	1281.5	-	91.0	0.0	503.3	306.2	467.5	330.0	86.0	1.8	1.7	0.0	0.0	503.3	306.2	467.5	330.0
15:54:36, Wednesday, April 16, 2025	29.204	1408.0	1287.0	-	91.4	0.0	503.2	306.1	484.0	368.5	85.7	1.8	1.7	0.0	0.0	503.2	306.1	484.0	368.5
15:54:36, Wednesday, April 16, 2025	29.313	1408.0	1281.5	-	91.0	0.0	503.3	306.2	462.0	324.5	86.0	1.8	1.7	0.0	0.0	503.3	306.2	462.0	324.5
15:54:36, Wednesday, April 16, 2025	29.407	1402.5	1292.5	-	92.2	0.0	503.2	306.5	478.5	368.5	85.5	1.8	1.8	0.0	0.0	503.2	306.5	478.5	368.5
15:54:37, Wednesday, April 16, 2025	29.469	1397.0	1281.5	-	91.7	0.0	503.2	306.3	462.0	308.0	85.7	1.8	1.7	0.0	0.0	503.2	306.3	462.0	308.0
15:54:37, Wednesday, April 16, 2025	29.579	1435.5	1281.5	-	89.3	0.0	503.3	306.7	467.5	341.0	86.7	1.8	1.7	0.0	0.0	503.3	306.7	467.5	341.0
15:54:37, Wednesday, April 16, 2025	29.657	1402.5	1281.5	-	91.4	0.0	503.2	306.3	456.5	308.0	86.0	1.8	1.7	0.0	0.0	503.2	306.3	456.5	308.0
15:54:37, Wednesday, April 16, 2025	29.782	1402.5	1281.5	-	91.4	0.0	503.2	305.9	462.0	308.0	86.3	1.8	1.7	0.0	0.0	503.2	305.9	462.0	308.0
15:54:37, Wednesday, April 16, 2025	29.891	1408.0	1281.5	-	91.0	0.0	503.1	306.5	467.5	330.0	85.8	1.8	1.7	0.0	0.0	503.1	306.5	467.5	330.0
15:54:37, Wednesday, April 16, 2025	29.985	1419.0	1270.5	-	89.5	0.0	503.1	306.3	467.5	335.5	86.1	1.8	1.7	0.0	0.0	503.1	306.3	467.5	335.5
15:54:37, Wednesday, April 16, 2025	30.047	1413.5	1287.0	-	91.1	0.0	503.1	306.3	456.5	313.5	85.8	1.8	1.7	0.0	0.0	503.1	306.3	456.5	313.5
15:54:37, Wednesday, April 16, 2025	30.141	1419.0	1287.0	-	90.7	0.0	503.1	306.1	456.5	319.0	85.9	1.8	1.7	0.0	0.0	503.1	306.1	456.5	319.0
15:54:37, Wednesday, April 16, 2025	30.219	1408.0	1287.0	-	91.4	0.0	503.2	306.2	467.5	324.5	86.1	1.8	1.7	0.0	0.0	503.2	306.2	467.5	324.5
15:54:37, Wednesday, April 16, 2025	30.297	1408.0	1287.0	-	91.4	0.0	503.0	306.0	462.0	308.0	86.1	1.8	1.7	0.0	0.0	503.0	306.0	462.0	308.0
15:54:37, Wednesday, April 16, 2025	30.407	1413.5	1292.5	-	91.4	0.0	503.0	306.1	467.5	330.0	86.2	1.8	1.7	0.0	0.0	503.0	306.1	467.5	330.0
